
Processing NewTMVAClassification.C...
===> Start TMVAClassification

--- Factory                  : You are running ROOT Version: 5.34/30, Apr 23, 2015
--- Factory                  : 
--- Factory                  : _/_/_/_/_/ _|      _|  _|      _|    _|_|   
--- Factory                  :    _/      _|_|  _|_|  _|      _|  _|    _| 
--- Factory                  :   _/       _|  _|  _|  _|      _|  _|_|_|_| 
--- Factory                  :  _/        _|      _|    _|  _|    _|    _| 
--- Factory                  : _/         _|      _|      _|      _|    _| 
--- Factory                  : 
--- Factory                  : ___________TMVA Version 4.2.0, Sep 19, 2013
--- Factory                  : 
--- DataSetInfo              : Added class "Signal"	 with internal class number 0
--- Factory                  : Add Tree jetdata of type Signal with 36215 events
--- DataSetInfo              : Added class "Background"	 with internal class number 1
--- Factory                  : Add Tree jetdata of type Background with 1073831 events
--- DataSetInfo              : Class index : 0  name : Signal
--- DataSetInfo              : Class index : 1  name : Background
--- Factory                  : Booking method: [1mBDT[0m
--- DataSetFactory           : Splitmode is: "RANDOM" the mixmode is: "SAMEASSPLITMODE"
--- DataSetFactory           : Create training and testing trees -- looping over class "Signal" ...
--- DataSetFactory           : Weight expression for class 'Signal': ""
--- DataSetFactory           : Create training and testing trees -- looping over class "Background" ...
--- DataSetFactory           : Weight expression for class 'Background': ""
--- DataSetFactory           : Number of events in input trees (after possible flattening of arrays):
--- DataSetFactory           :     Signal          -- number of events       : 36215  / sum of weights: 36215
--- DataSetFactory           :     Background      -- number of events       : 1073831  / sum of weights: 1.07383e+06
--- DataSetFactory           :     Signal     tree -- total number of entries: 36215
--- DataSetFactory           :     Background tree -- total number of entries: 1073831
--- DataSetFactory           : Preselection: (will NOT affect number of requested training and testing events)
--- DataSetFactory           :     Signal     requirement: "out_abseta<2.5"
--- DataSetFactory           :     Signal          -- number of events passed: 34776  / sum of weights: 34776
--- DataSetFactory           :     Signal          -- efficiency             : 0.960265
--- DataSetFactory           :     Background requirement: "out_abseta<2.5"
--- DataSetFactory           :     Background      -- number of events passed: 941949  / sum of weights: 941949
--- DataSetFactory           :     Background      -- efficiency             : 0.877186
--- DataSetFactory           :  you have opted for interpreting the requested number of training/testing events
--- DataSetFactory           :  to be the number of events AFTER your preselection cuts
--- DataSetFactory           :  you have opted for interpreting the requested number of training/testing events
--- DataSetFactory           :  to be the number of events AFTER your preselection cuts
--- DataSetFactory           : Weight renormalisation mode: "NumEvents": renormalises all event classes 
--- DataSetFactory           :  such that the effective (weighted) number of events in each class equals the respective 
--- DataSetFactory           :  number of events (entries) that you demanded in PrepareTrainingAndTestTree("","nTrain_Signal=.. )
--- DataSetFactory           :  ... i.e. such that Sum[i=1..N_j]{w_i} = N_j, j=0,1,2...
--- DataSetFactory           :  ... (note that N_j is the sum of TRAINING events (nTrain_j...with j=Signal,Background..
--- DataSetFactory           :  ..... Testing events are not renormalised nor included in the renormalisation factor! )
--- DataSetFactory           : --> Rescale Signal     event weights by factor: 1
--- DataSetFactory           : --> Rescale Background event weights by factor: 1
--- DataSetFactory           : Number of training and testing events after rescaling:
--- DataSetFactory           : ------------------------------------------------------
--- DataSetFactory           : Signal     -- training events            : 17000 (sum of weights: 17000) - requested were 17000 events
--- DataSetFactory           : Signal     -- testing events             : 17000 (sum of weights: 17000) - requested were 17000 events
--- DataSetFactory           : Signal     -- training and testing events: 34000 (sum of weights: 34000)
--- DataSetFactory           : Signal     -- due to the preselection a scaling factor has been applied to the numbers of requested events: 0.960265
--- DataSetFactory           : Background -- training events            : 17000 (sum of weights: 17000) - requested were 17000 events
--- DataSetFactory           : Background -- testing events             : 17000 (sum of weights: 17000) - requested were 17000 events
--- DataSetFactory           : Background -- training and testing events: 34000 (sum of weights: 34000)
--- DataSetFactory           : Background -- due to the preselection a scaling factor has been applied to the numbers of requested events: 0.877186
--- DataSetFactory           : Create internal training tree
--- DataSetFactory           : Create internal testing tree
--- DataSetInfo              : Correlation matrix (Signal):
--- DataSetInfo              : ---------------------------------------------------------------------------------------------------------------------------------------------------------------------------------------------------------------------------------------------------------------------------------------------------------------------------------------------------------------------------------
--- DataSetInfo              :                      out_pt out_abseta out_ip2d_cllr_pbpu out_ip2d_cllr_pbpc out_ip2d_cllr_pcpu out_ip3d_cllr_pbpu out_ip3d_cllr_pbpc out_ip3d_cllr_pcpu out_sv1_ntrkv out_sv1_n2t out_sv1_m out_sv1_efc out_sv1_sig3d out_sv1_deltaR out_sv1_Lxy out_sv1_L3d out_jf_llr out_jf_m out_jf_efc out_jf_dRFlightDir out_jf_ntrkAtVx out_jf_nvtx out_jf_sig3d out_jf_nvtx1t out_jf_n2t
--- DataSetInfo              :             out_pt:  +1.000     -0.147             +0.293             +0.212             +0.236             +0.285             +0.170             +0.261        +0.145      +0.149    +0.158      +0.137        +0.202         +0.086      +0.310      +0.230     +0.107   +0.138     +0.099             +0.096          +0.086      +0.108       +0.187        +0.041     -0.165
--- DataSetInfo              :         out_abseta:  -0.147     +1.000             -0.100             -0.041             -0.124             -0.147             -0.067             -0.176        -0.104      -0.121    -0.127      -0.090        -0.112         -0.073      -0.082      +0.209     -0.043   -0.094     -0.031             -0.031          -0.075      -0.057       -0.063        +0.025     +0.006
--- DataSetInfo              : out_ip2d_cllr_pbpu:  +0.293     -0.100             +1.000             +0.696             +0.794             +0.651             +0.400             +0.486        +0.592      +0.623    +0.576      +0.502        +0.520         +0.443      +0.389      +0.301     +0.260   +0.319     +0.221             +0.215          +0.318      +0.274       +0.374        +0.099     -0.092
--- DataSetInfo              : out_ip2d_cllr_pbpc:  +0.212     -0.041             +0.696             +1.000             +0.226             +0.426             +0.318             +0.279        +0.333      +0.357    +0.331      +0.296        +0.340         +0.254      +0.301      +0.239     +0.135   +0.146     +0.113             +0.109          +0.118      +0.119       +0.234        +0.033     -0.180
--- DataSetInfo              : out_ip2d_cllr_pcpu:  +0.236     -0.124             +0.794             +0.226             +1.000             +0.585             +0.321             +0.513        +0.574      +0.595    +0.550      +0.471        +0.452         +0.424      +0.287      +0.215     +0.282   +0.352     +0.245             +0.241          +0.382      +0.316       +0.352        +0.133     +0.068
--- DataSetInfo              : out_ip3d_cllr_pbpu:  +0.285     -0.147             +0.651             +0.426             +0.585             +1.000             +0.723             +0.896        +0.572      +0.587    +0.572      +0.484        +0.487         +0.429      +0.363      +0.266     +0.307   +0.373     +0.269             +0.264          +0.378      +0.334       +0.399        +0.143     +0.051
--- DataSetInfo              : out_ip3d_cllr_pbpc:  +0.170     -0.067             +0.400             +0.318             +0.321             +0.723             +1.000             +0.524        +0.323      +0.322    +0.322      +0.283        +0.300         +0.251      +0.250      +0.196     +0.191   +0.206     +0.170             +0.168          +0.209      +0.202       +0.256        +0.086     +0.024
--- DataSetInfo              : out_ip3d_cllr_pcpu:  +0.261     -0.176             +0.486             +0.279             +0.513             +0.896             +0.524             +1.000        +0.473      +0.475    +0.474      +0.398        +0.377         +0.353      +0.248      +0.161     +0.270   +0.331     +0.239             +0.236          +0.334      +0.290       +0.318        +0.123     +0.071
--- DataSetInfo              :      out_sv1_ntrkv:  +0.145     -0.104             +0.592             +0.333             +0.574             +0.572             +0.323             +0.473        +1.000      +0.821    +0.864      +0.876        +0.806         +0.831      +0.496      +0.403     +0.381   +0.438     +0.331             +0.327          +0.575      +0.456       +0.459        +0.128     +0.192
--- DataSetInfo              :        out_sv1_n2t:  +0.149     -0.121             +0.623             +0.357             +0.595             +0.587             +0.322             +0.475        +0.821      +1.000    +0.728      +0.569        +0.583         +0.526      +0.387      +0.291     +0.281   +0.395     +0.233             +0.228          +0.568      +0.384       +0.399        +0.114     +0.192
--- DataSetInfo              :          out_sv1_m:  +0.158     -0.127             +0.576             +0.331             +0.550             +0.572             +0.322             +0.474        +0.864      +0.728    +1.000      +0.749        +0.724         +0.703      +0.392      +0.301     +0.341   +0.518     +0.292             +0.287          +0.495      +0.405       +0.425        +0.115     +0.146
--- DataSetInfo              :        out_sv1_efc:  +0.137     -0.090             +0.502             +0.296             +0.471             +0.484             +0.283             +0.398        +0.876      +0.569    +0.749      +1.000        +0.887         +0.970      +0.556      +0.467     +0.394   +0.377     +0.357             +0.353          +0.432      +0.434       +0.454        +0.149     +0.117
--- DataSetInfo              :      out_sv1_sig3d:  +0.202     -0.112             +0.520             +0.340             +0.452             +0.487             +0.300             +0.377        +0.806      +0.583    +0.724      +0.887        +1.000         +0.837      +0.792      +0.654     +0.358   +0.347     +0.323             +0.318          +0.397      +0.392       +0.521        +0.146     +0.058
--- DataSetInfo              :     out_sv1_deltaR:  +0.086     -0.073             +0.443             +0.254             +0.424             +0.429             +0.251             +0.353        +0.831      +0.526    +0.703      +0.970        +0.837         +1.000      +0.486      +0.407     +0.368   +0.348     +0.335             +0.332          +0.400      +0.407       +0.414        +0.153     +0.142
--- DataSetInfo              :        out_sv1_Lxy:  +0.310     -0.082             +0.389             +0.301             +0.287             +0.363             +0.250             +0.248        +0.496      +0.387    +0.392      +0.556        +0.792         +0.486      +1.000      +0.844     +0.226   +0.159     +0.204             +0.199          +0.221      +0.239       +0.442        +0.105     -0.056
--- DataSetInfo              :        out_sv1_L3d:  +0.230     +0.209             +0.301             +0.239             +0.215             +0.266             +0.196             +0.161        +0.403      +0.291    +0.301      +0.467        +0.654         +0.407      +0.844      +1.000     +0.184   +0.110     +0.169             +0.165          +0.171      +0.193       +0.364        +0.091     -0.041
--- DataSetInfo              :         out_jf_llr:  +0.107     -0.043             +0.260             +0.135             +0.282             +0.307             +0.191             +0.270        +0.381      +0.281    +0.341      +0.394        +0.358         +0.368      +0.226      +0.184     +1.000   +0.483     +0.996             +0.996          +0.571      +0.754       +0.920        +0.545     +0.288
--- DataSetInfo              :           out_jf_m:  +0.138     -0.094             +0.319             +0.146             +0.352             +0.373             +0.206             +0.331        +0.438      +0.395    +0.518      +0.377        +0.347         +0.348      +0.159      +0.110     +0.483   +1.000     +0.447             +0.444          +0.648      +0.620       +0.474        +0.194     +0.331
--- DataSetInfo              :         out_jf_efc:  +0.099     -0.031             +0.221             +0.113             +0.245             +0.269             +0.170             +0.239        +0.331      +0.233    +0.292      +0.357        +0.323         +0.335      +0.204      +0.169     +0.996   +0.447     +1.000             +1.000          +0.521      +0.726       +0.906        +0.558     +0.278
--- DataSetInfo              : out_jf_dRFlightDir:  +0.096     -0.031             +0.215             +0.109             +0.241             +0.264             +0.168             +0.236        +0.327      +0.228    +0.287      +0.353        +0.318         +0.332      +0.199      +0.165     +0.996   +0.444     +1.000             +1.000          +0.518      +0.725       +0.904        +0.560     +0.280
--- DataSetInfo              :    out_jf_ntrkAtVx:  +0.086     -0.075             +0.318             +0.118             +0.382             +0.378             +0.209             +0.334        +0.575      +0.568    +0.495      +0.432        +0.397         +0.400      +0.221      +0.171     +0.571   +0.648     +0.521             +0.518          +1.000      +0.847       +0.589        +0.078     +0.545
--- DataSetInfo              :        out_jf_nvtx:  +0.108     -0.057             +0.274             +0.119             +0.316             +0.334             +0.202             +0.290        +0.456      +0.384    +0.405      +0.434        +0.392         +0.407      +0.239      +0.193     +0.754   +0.620     +0.726             +0.725          +0.847      +1.000       +0.740        +0.222     +0.433
--- DataSetInfo              :       out_jf_sig3d:  +0.187     -0.063             +0.374             +0.234             +0.352             +0.399             +0.256             +0.318        +0.459      +0.399    +0.425      +0.454        +0.521         +0.414      +0.442      +0.364     +0.920   +0.474     +0.906             +0.904          +0.589      +0.740       +1.000        +0.478     +0.215
--- DataSetInfo              :      out_jf_nvtx1t:  +0.041     +0.025             +0.099             +0.033             +0.133             +0.143             +0.086             +0.123        +0.128      +0.114    +0.115      +0.149        +0.146         +0.153      +0.105      +0.091     +0.545   +0.194     +0.558             +0.560          +0.078      +0.222       +0.478        +1.000     +0.258
--- DataSetInfo              :         out_jf_n2t:  -0.165     +0.006             -0.092             -0.180             +0.068             +0.051             +0.024             +0.071        +0.192      +0.192    +0.146      +0.117        +0.058         +0.142      -0.056      -0.041     +0.288   +0.331     +0.278             +0.280          +0.545      +0.433       +0.215        +0.258     +1.000
--- DataSetInfo              : ---------------------------------------------------------------------------------------------------------------------------------------------------------------------------------------------------------------------------------------------------------------------------------------------------------------------------------------------------------------------------------
--- DataSetInfo              : Correlation matrix (Background):
--- DataSetInfo              : ---------------------------------------------------------------------------------------------------------------------------------------------------------------------------------------------------------------------------------------------------------------------------------------------------------------------------------------------------------------------------------
--- DataSetInfo              :                      out_pt out_abseta out_ip2d_cllr_pbpu out_ip2d_cllr_pbpc out_ip2d_cllr_pcpu out_ip3d_cllr_pbpu out_ip3d_cllr_pbpc out_ip3d_cllr_pcpu out_sv1_ntrkv out_sv1_n2t out_sv1_m out_sv1_efc out_sv1_sig3d out_sv1_deltaR out_sv1_Lxy out_sv1_L3d out_jf_llr out_jf_m out_jf_efc out_jf_dRFlightDir out_jf_ntrkAtVx out_jf_nvtx out_jf_sig3d out_jf_nvtx1t out_jf_n2t
--- DataSetInfo              :             out_pt:  +1.000     -0.101             +0.108             +0.131             +0.004             +0.032             +0.047             +0.079        -0.157      -0.144    -0.146      -0.156        -0.153         -0.150      -0.092      -0.066     -0.141   -0.135     -0.132             -0.133          -0.150      -0.142       -0.130        -0.121     -0.195
--- DataSetInfo              :         out_abseta:  -0.101     +1.000             +0.263             +0.245             +0.124             -0.079             -0.087             -0.120        +0.085      +0.091    +0.069      +0.074        +0.073         +0.080      +0.110      +0.210     +0.032   +0.040     +0.032             +0.032          +0.033      +0.041       +0.038        +0.077     +0.005
--- DataSetInfo              : out_ip2d_cllr_pbpu:  +0.108     +0.263             +1.000             +0.792             +0.797             -0.058             -0.090             -0.115        +0.161      +0.174    +0.154      +0.147        +0.147         +0.140      +0.122      +0.109     -0.137   -0.120     -0.134             -0.134          -0.192      -0.170       -0.133        -0.101     -0.295
--- DataSetInfo              : out_ip2d_cllr_pbpc:  +0.131     +0.245             +0.792             +1.000             +0.363             -0.084             -0.101             -0.131        +0.022      +0.033    +0.010      +0.015        +0.016         +0.014      +0.033      +0.053     -0.210   -0.225     -0.204             -0.205          -0.276      -0.250       -0.205        -0.168     -0.384
--- DataSetInfo              : out_ip2d_cllr_pcpu:  +0.004     +0.124             +0.797             +0.363             +1.000             +0.048             +0.008             +0.010        +0.295      +0.302    +0.300      +0.276        +0.276         +0.265      +0.195      +0.135     +0.084   +0.146     +0.080             +0.080          +0.083      +0.085       +0.084        +0.079     +0.042
--- DataSetInfo              : out_ip3d_cllr_pbpu:  +0.032     -0.079             -0.058             -0.084             +0.048             +1.000             +0.925             +0.963        +0.057      +0.054    +0.076      +0.050        +0.052         +0.046      +0.040      +0.018     +0.073   +0.096     +0.071             +0.071          +0.076      +0.078       +0.072        +0.060     +0.086
--- DataSetInfo              : out_ip3d_cllr_pbpc:  +0.047     -0.087             -0.090             -0.101             +0.008             +0.925             +1.000             +0.863        +0.027      +0.024    +0.042      +0.024        +0.026         +0.022      +0.023      +0.006     +0.061   +0.071     +0.060             +0.060          +0.061      +0.063       +0.060        +0.051     +0.072
--- DataSetInfo              : out_ip3d_cllr_pcpu:  +0.079     -0.120             -0.115             -0.131             +0.010             +0.963             +0.863             +1.000        +0.032      +0.030    +0.051      +0.028        +0.030         +0.025      +0.023      +0.001     +0.069   +0.092     +0.068             +0.068          +0.080      +0.079       +0.069        +0.049     +0.093
--- DataSetInfo              :      out_sv1_ntrkv:  -0.157     +0.085             +0.161             +0.022             +0.295             +0.057             +0.027             +0.032        +1.000      +0.947    +0.949      +0.958        +0.955         +0.927      +0.732      +0.549     +0.232   +0.295     +0.222             +0.222          +0.291      +0.273       +0.230        +0.198     +0.264
--- DataSetInfo              :        out_sv1_n2t:  -0.144     +0.091             +0.174             +0.033             +0.302             +0.054             +0.024             +0.030        +0.947      +1.000    +0.917      +0.866        +0.866         +0.837      +0.660      +0.501     +0.215   +0.293     +0.205             +0.205          +0.288      +0.264       +0.215        +0.192     +0.264
--- DataSetInfo              :          out_sv1_m:  -0.146     +0.069             +0.154             +0.010             +0.300             +0.076             +0.042             +0.051        +0.949      +0.917    +1.000      +0.881        +0.881         +0.856      +0.630      +0.455     +0.221   +0.319     +0.210             +0.210          +0.294      +0.269       +0.219        +0.191     +0.273
--- DataSetInfo              :        out_sv1_efc:  -0.156     +0.074             +0.147             +0.015             +0.276             +0.050             +0.024             +0.028        +0.958      +0.866    +0.881      +1.000        +0.997         +0.971      +0.790      +0.591     +0.233   +0.272     +0.224             +0.224          +0.266      +0.262       +0.231        +0.196     +0.239
--- DataSetInfo              :      out_sv1_sig3d:  -0.153     +0.073             +0.147             +0.016             +0.276             +0.052             +0.026             +0.030        +0.955      +0.866    +0.881      +0.997        +1.000         +0.967      +0.822      +0.623     +0.231   +0.269     +0.223             +0.223          +0.263      +0.261       +0.231        +0.197     +0.238
--- DataSetInfo              :     out_sv1_deltaR:  -0.150     +0.080             +0.140             +0.014             +0.265             +0.046             +0.022             +0.025        +0.927      +0.837    +0.856      +0.971        +0.967         +1.000      +0.754      +0.562     +0.217   +0.251     +0.210             +0.210          +0.242      +0.243       +0.216        +0.192     +0.232
--- DataSetInfo              :        out_sv1_Lxy:  -0.092     +0.110             +0.122             +0.033             +0.195             +0.040             +0.023             +0.023        +0.732      +0.660    +0.630      +0.790        +0.822         +0.754      +1.000      +0.890     +0.169   +0.171     +0.164             +0.164          +0.167      +0.182       +0.176        +0.164     +0.154
--- DataSetInfo              :        out_sv1_L3d:  -0.066     +0.210             +0.109             +0.053             +0.135             +0.018             +0.006             +0.001        +0.549      +0.501    +0.455      +0.591        +0.623         +0.562      +0.890      +1.000     +0.121   +0.116     +0.118             +0.117          +0.113      +0.130       +0.129        +0.132     +0.104
--- DataSetInfo              :         out_jf_llr:  -0.141     +0.032             -0.137             -0.210             +0.084             +0.073             +0.061             +0.069        +0.232      +0.215    +0.221      +0.233        +0.231         +0.217      +0.169      +0.121     +1.000   +0.587     +0.999             +0.999          +0.663      +0.842       +0.994        +0.741     +0.495
--- DataSetInfo              :           out_jf_m:  -0.135     +0.040             -0.120             -0.225             +0.146             +0.096             +0.071             +0.092        +0.295      +0.293    +0.319      +0.272        +0.269         +0.251      +0.171      +0.116     +0.587   +1.000     +0.568             +0.568          +0.818      +0.734       +0.574        +0.421     +0.643
--- DataSetInfo              :         out_jf_efc:  -0.132     +0.032             -0.134             -0.204             +0.080             +0.071             +0.060             +0.068        +0.222      +0.205    +0.210      +0.224        +0.223         +0.210      +0.164      +0.118     +0.999   +0.568     +1.000             +1.000          +0.642      +0.830       +0.993        +0.741     +0.479
--- DataSetInfo              : out_jf_dRFlightDir:  -0.133     +0.032             -0.134             -0.205             +0.080             +0.071             +0.060             +0.068        +0.222      +0.205    +0.210      +0.224        +0.223         +0.210      +0.164      +0.117     +0.999   +0.568     +1.000             +1.000          +0.642      +0.829       +0.993        +0.742     +0.479
--- DataSetInfo              :    out_jf_ntrkAtVx:  -0.150     +0.033             -0.192             -0.276             +0.083             +0.076             +0.061             +0.080        +0.291      +0.288    +0.294      +0.266        +0.263         +0.242      +0.167      +0.113     +0.663   +0.818     +0.642             +0.642          +1.000      +0.898       +0.655        +0.341     +0.715
--- DataSetInfo              :        out_jf_nvtx:  -0.142     +0.041             -0.170             -0.250             +0.085             +0.078             +0.063             +0.079        +0.273      +0.264    +0.269      +0.262        +0.261         +0.243      +0.182      +0.130     +0.842   +0.734     +0.830             +0.829          +0.898      +1.000       +0.841        +0.490     +0.612
--- DataSetInfo              :       out_jf_sig3d:  -0.130     +0.038             -0.133             -0.205             +0.084             +0.072             +0.060             +0.069        +0.230      +0.215    +0.219      +0.231        +0.231         +0.216      +0.176      +0.129     +0.994   +0.574     +0.993             +0.993          +0.655      +0.841       +1.000        +0.738     +0.487
--- DataSetInfo              :      out_jf_nvtx1t:  -0.121     +0.077             -0.101             -0.168             +0.079             +0.060             +0.051             +0.049        +0.198      +0.192    +0.191      +0.196        +0.197         +0.192      +0.164      +0.132     +0.741   +0.421     +0.741             +0.742          +0.341      +0.490       +0.738        +1.000     +0.432
--- DataSetInfo              :         out_jf_n2t:  -0.195     +0.005             -0.295             -0.384             +0.042             +0.086             +0.072             +0.093        +0.264      +0.264    +0.273      +0.239        +0.238         +0.232      +0.154      +0.104     +0.495   +0.643     +0.479             +0.479          +0.715      +0.612       +0.487        +0.432     +1.000
--- DataSetInfo              : ---------------------------------------------------------------------------------------------------------------------------------------------------------------------------------------------------------------------------------------------------------------------------------------------------------------------------------------------------------------------------------
--- DataSetFactory           :  
--- Factory                  : 
--- Factory                  : current transformation string: 'I'
--- Factory                  : Create Transformation "I" with events from all classes.
--- Id                       : Transformation, Variable selection : 
--- Id                       : Input : variable 'out_pt' (index=0).   <---> Output : variable 'out_pt' (index=0).
--- Id                       : Input : variable 'out_abseta' (index=1).   <---> Output : variable 'out_abseta' (index=1).
--- Id                       : Input : variable 'out_ip2d_cllr_pbpu' (index=2).   <---> Output : variable 'out_ip2d_cllr_pbpu' (index=2).
--- Id                       : Input : variable 'out_ip2d_cllr_pbpc' (index=3).   <---> Output : variable 'out_ip2d_cllr_pbpc' (index=3).
--- Id                       : Input : variable 'out_ip2d_cllr_pcpu' (index=4).   <---> Output : variable 'out_ip2d_cllr_pcpu' (index=4).
--- Id                       : Input : variable 'out_ip3d_cllr_pbpu' (index=5).   <---> Output : variable 'out_ip3d_cllr_pbpu' (index=5).
--- Id                       : Input : variable 'out_ip3d_cllr_pbpc' (index=6).   <---> Output : variable 'out_ip3d_cllr_pbpc' (index=6).
--- Id                       : Input : variable 'out_ip3d_cllr_pcpu' (index=7).   <---> Output : variable 'out_ip3d_cllr_pcpu' (index=7).
--- Id                       : Input : variable 'out_sv1_ntrkv' (index=8).   <---> Output : variable 'out_sv1_ntrkv' (index=8).
--- Id                       : Input : variable 'out_sv1_n2t' (index=9).   <---> Output : variable 'out_sv1_n2t' (index=9).
--- Id                       : Input : variable 'out_sv1_m' (index=10).   <---> Output : variable 'out_sv1_m' (index=10).
--- Id                       : Input : variable 'out_sv1_efc' (index=11).   <---> Output : variable 'out_sv1_efc' (index=11).
--- Id                       : Input : variable 'out_sv1_sig3d' (index=12).   <---> Output : variable 'out_sv1_sig3d' (index=12).
--- Id                       : Input : variable 'out_sv1_deltaR' (index=13).   <---> Output : variable 'out_sv1_deltaR' (index=13).
--- Id                       : Input : variable 'out_sv1_Lxy' (index=14).   <---> Output : variable 'out_sv1_Lxy' (index=14).
--- Id                       : Input : variable 'out_sv1_L3d' (index=15).   <---> Output : variable 'out_sv1_L3d' (index=15).
--- Id                       : Input : variable 'out_jf_llr' (index=16).   <---> Output : variable 'out_jf_llr' (index=16).
--- Id                       : Input : variable 'out_jf_m' (index=17).   <---> Output : variable 'out_jf_m' (index=17).
--- Id                       : Input : variable 'out_jf_efc' (index=18).   <---> Output : variable 'out_jf_efc' (index=18).
--- Id                       : Input : variable 'out_jf_dRFlightDir' (index=19).   <---> Output : variable 'out_jf_dRFlightDir' (index=19).
--- Id                       : Input : variable 'out_jf_ntrkAtVx' (index=20).   <---> Output : variable 'out_jf_ntrkAtVx' (index=20).
--- Id                       : Input : variable 'out_jf_nvtx' (index=21).   <---> Output : variable 'out_jf_nvtx' (index=21).
--- Id                       : Input : variable 'out_jf_sig3d' (index=22).   <---> Output : variable 'out_jf_sig3d' (index=22).
--- Id                       : Input : variable 'out_jf_nvtx1t' (index=23).   <---> Output : variable 'out_jf_nvtx1t' (index=23).
--- Id                       : Input : variable 'out_jf_n2t' (index=24).   <---> Output : variable 'out_jf_n2t' (index=24).
--- Id                       : Preparing the Identity transformation...
--- TFHandler_Factory        : -------------------------------------------------------------------------------------------------------------
--- TFHandler_Factory        :           Variable                  Mean                  RMS          [        Min                  Max ]
--- TFHandler_Factory        : -------------------------------------------------------------------------------------------------------------
--- TFHandler_Factory        :             out_pt:              58917.              38040.   [              20000.          2.1897e+05 ]
--- TFHandler_Factory        :         out_abseta:              1.1131             0.69796   [          0.00012208              2.4999 ]
--- TFHandler_Factory        : out_ip2d_cllr_pbpu:             -2.2752              7.1977   [             -30.000              100.00 ]
--- TFHandler_Factory        : out_ip2d_cllr_pbpc:             -3.2639              4.8919   [             -30.000              100.00 ]
--- TFHandler_Factory        : out_ip2d_cllr_pcpu:             0.99698              4.1244   [             -30.000              100.00 ]
--- TFHandler_Factory        : out_ip3d_cllr_pbpu:             0.38741              8.2461   [             -30.000              100.00 ]
--- TFHandler_Factory        : out_ip3d_cllr_pbpc:             -1.1418              7.0383   [             -30.000              100.00 ]
--- TFHandler_Factory        : out_ip3d_cllr_pcpu:             0.45170              7.0935   [             -30.000              100.00 ]
--- TFHandler_Factory        :      out_sv1_ntrkv:             0.91082              2.3784   [             -1.0000              11.000 ]
--- TFHandler_Factory        :        out_sv1_n2t:              1.4127              4.2702   [             -1.0000              57.000 ]
--- TFHandler_Factory        :          out_sv1_m:              628.63              1049.0   [             -99.000              5980.9 ]
--- TFHandler_Factory        :        out_sv1_efc:             -55.903              49.234   [             -99.000             0.99999 ]
--- TFHandler_Factory        :      out_sv1_sig3d:             -45.923              64.991   [             -99.000              646.01 ]
--- TFHandler_Factory        :     out_sv1_deltaR:            -0.49928             0.58905   [             -1.0000              3.6382 ]
--- TFHandler_Factory        :        out_sv1_Lxy:              1.5862              4.7228   [             -1.0000              49.126 ]
--- TFHandler_Factory        :        out_sv1_L3d:              3.3946              9.2028   [             -1.0000              164.68 ]
--- TFHandler_Factory        :         out_jf_llr:             -19.029              38.770   [             -99.000              7.8497 ]
--- TFHandler_Factory        :           out_jf_m:              1778.0              1791.9   [             -99.000              9776.1 ]
--- TFHandler_Factory        :         out_jf_efc:             -18.569              38.914   [             -99.000              1.0000 ]
--- TFHandler_Factory        : out_jf_dRFlightDir:             -18.672              38.864   [             -99.000             0.78667 ]
--- TFHandler_Factory        :    out_jf_ntrkAtVx:              2.2036              2.5794   [             -1.0000              16.000 ]
--- TFHandler_Factory        :        out_jf_nvtx:             0.58671             0.96446   [             -1.0000              4.0000 ]
--- TFHandler_Factory        :       out_jf_sig3d:             -8.5620              45.850   [             -99.000              91.268 ]
--- TFHandler_Factory        :      out_jf_nvtx1t:             0.37847             0.99416   [             -1.0000              7.0000 ]
--- TFHandler_Factory        :         out_jf_n2t:              15.040              20.593   [             -1.0000              263.00 ]
--- TFHandler_Factory        : -------------------------------------------------------------------------------------------------------------
--- TFHandler_Factory        : Plot event variables for Id
--- TFHandler_Factory        : [32m
--- TFHandler_Factory        : <PlotVariables> Will not produce scatter plots ==> 
--- TFHandler_Factory        : |  The number of 25 input variables and 0 target values would require 300 two-dimensional
--- TFHandler_Factory        : |  histograms, which would occupy the computer's memory. Note that this
--- TFHandler_Factory        : |  suppression does not have any consequences for your analysis, other
--- TFHandler_Factory        : |  than not disposing of these scatter plots. You can modify the maximum
--- TFHandler_Factory        : |  number of input variables allowed to generate scatter plots in your
--- TFHandler_Factory        : |  script via the command line:
--- TFHandler_Factory        : |  "(TMVA::gConfig().GetVariablePlotting()).fMaxNumOfAllowedVariablesForScatterPlots = <some int>;"[0m
--- TFHandler_Factory        : 
--- TFHandler_Factory        : Some more output
--- TFHandler_Factory        :  
--- TFHandler_Factory        : Ranking input variables (method unspecific)...
--- IdTransformation         : Ranking result (top variable is best ranked)
--- IdTransformation         : -------------------------------------------
--- IdTransformation         : Rank : Variable           : Separation
--- IdTransformation         : -------------------------------------------
--- IdTransformation         :    1 : out_ip3d_cllr_pbpu : 4.216e-01
--- IdTransformation         :    2 : out_ip3d_cllr_pcpu : 4.148e-01
--- IdTransformation         :    3 : out_ip2d_cllr_pbpu : 3.906e-01
--- IdTransformation         :    4 : out_ip2d_cllr_pcpu : 3.680e-01
--- IdTransformation         :    5 : out_ip2d_cllr_pbpc : 3.151e-01
--- IdTransformation         :    6 : out_ip3d_cllr_pbpc : 3.050e-01
--- IdTransformation         :    7 : out_pt             : 3.009e-01
--- IdTransformation         :    8 : out_sv1_deltaR     : 2.887e-01
--- IdTransformation         :    9 : out_sv1_m          : 2.738e-01
--- IdTransformation         :   10 : out_sv1_sig3d      : 2.654e-01
--- IdTransformation         :   11 : out_sv1_Lxy        : 2.561e-01
--- IdTransformation         :   12 : out_sv1_n2t        : 2.493e-01
--- IdTransformation         :   13 : out_sv1_ntrkv      : 2.304e-01
--- IdTransformation         :   14 : out_sv1_L3d        : 2.166e-01
--- IdTransformation         :   15 : out_sv1_efc        : 2.079e-01
--- IdTransformation         :   16 : out_jf_sig3d       : 1.930e-01
--- IdTransformation         :   17 : out_jf_llr         : 1.638e-01
--- IdTransformation         :   18 : out_jf_m           : 1.312e-01
--- IdTransformation         :   19 : out_jf_n2t         : 1.021e-01
--- IdTransformation         :   20 : out_jf_ntrkAtVx    : 5.927e-02
--- IdTransformation         :   21 : out_jf_nvtx        : 5.649e-02
--- IdTransformation         :   22 : out_jf_efc         : 5.074e-02
--- IdTransformation         :   23 : out_jf_nvtx1t      : 4.933e-02
--- IdTransformation         :   24 : out_abseta         : 4.462e-02
--- IdTransformation         :   25 : out_jf_dRFlightDir : 4.326e-02
--- IdTransformation         : -------------------------------------------
--- Factory                  :  
--- Factory                  : Train all methods for Classification ...
--- Factory                  : Train method: BDT for Classification
--- BDT                      : Begin training
--- BDT                      :  found and suggest the following possible pre-selection cuts 
--- BDT                      : as option DoPreselection was not used, these cuts however will not be performed, but the training will see the full sample
--- BDT                      :  found cut: Sig if var 2 > 12.5067
--- BDT                      :  found cut: Sig if var 11 > 1.77682
--- BDT                      : <InitEventSample> For classification trees, 
--- BDT                      :  the effective number of backgrounds is scaled to match 
--- BDT                      :  the signal. Othersise the first boosting step would do 'just that'!
--- BDT                      : re-normlise events such that Sig and Bkg have respective sum of weights = 1
--- BDT                      :   sig->sig*1ev. bkg->bkg*1ev.
--- BDT                      : #events: (reweighted) sig: 17000 bkg: 17000
--- BDT                      : #events: (unweighted) sig: 17000 bkg: 17000
