
Processing NewTMVAClassification.C...
===> Start TMVAClassification

--- Factory                  : You are running ROOT Version: 5.34/30, Apr 23, 2015
--- Factory                  : 
--- Factory                  : _/_/_/_/_/ _|      _|  _|      _|    _|_|   
--- Factory                  :    _/      _|_|  _|_|  _|      _|  _|    _| 
--- Factory                  :   _/       _|  _|  _|  _|      _|  _|_|_|_| 
--- Factory                  :  _/        _|      _|    _|  _|    _|    _| 
--- Factory                  : _/         _|      _|      _|      _|    _| 
--- Factory                  : 
--- Factory                  : ___________TMVA Version 4.2.0, Sep 19, 2013
--- Factory                  : 
---- TMVAClassification: Using input file: testdata/ttbar_bottom/*.root
---- TMVAClassification: Using input file: testdata/ttbar_light/*.root
--- DataSetInfo              : Added class "Signal"	 with internal class number 0
--- Factory                  : Add Tree jetdata of type Signal with 153796 events
--- DataSetInfo              : Added class "Background"	 with internal class number 1
--- Factory                  : Add Tree jetdata of type Background with 427528 events
--- Factory                  : Preparing trees for training and testing...
--- Factory                  : Booking method: [1mBDT[0m
--- DataSetFactory           : Splitmode is: "RANDOM" the mixmode is: "SAMEASSPLITMODE"
--- DataSetFactory           : Create training and testing trees -- looping over class "Signal" ...
--- DataSetFactory           : Weight expression for class 'Signal': ""
--- DataSetFactory           : Create training and testing trees -- looping over class "Background" ...
--- DataSetFactory           : Weight expression for class 'Background': ""
--- DataSetFactory           : Number of events in input trees (after possible flattening of arrays):
--- DataSetFactory           :     Signal          -- number of events       : 153796  / sum of weights: 153796
--- DataSetFactory           :     Background      -- number of events       : 427528  / sum of weights: 427528
--- DataSetFactory           :     Signal     tree -- total number of entries: 153796
--- DataSetFactory           :     Background tree -- total number of entries: 427528
--- DataSetFactory           : Preselection: (will NOT affect number of requested training and testing events)
--- DataSetFactory           :     Signal     requirement: "out_abseta<2.5"
--- DataSetFactory           :     Signal          -- number of events passed: 146927  / sum of weights: 146927
--- DataSetFactory           :     Signal          -- efficiency             : 0.955337
--- DataSetFactory           :     Background requirement: "out_abseta<2.5"
--- DataSetFactory           :     Background      -- number of events passed: 395811  / sum of weights: 395811
--- DataSetFactory           :     Background      -- efficiency             : 0.925813
--- DataSetFactory           :  you have opted for interpreting the requested number of training/testing events
--- DataSetFactory           :  to be the number of events AFTER your preselection cuts
--- DataSetFactory           :  you have opted for interpreting the requested number of training/testing events
--- DataSetFactory           :  to be the number of events AFTER your preselection cuts
--- DataSetFactory           : Weight renormalisation mode: "NumEvents": renormalises all event classes 
--- DataSetFactory           :  such that the effective (weighted) number of events in each class equals the respective 
--- DataSetFactory           :  number of events (entries) that you demanded in PrepareTrainingAndTestTree("","nTrain_Signal=.. )
--- DataSetFactory           :  ... i.e. such that Sum[i=1..N_j]{w_i} = N_j, j=0,1,2...
--- DataSetFactory           :  ... (note that N_j is the sum of TRAINING events (nTrain_j...with j=Signal,Background..
--- DataSetFactory           :  ..... Testing events are not renormalised nor included in the renormalisation factor! )
--- DataSetFactory           : --> Rescale Signal     event weights by factor: 1
--- DataSetFactory           : --> Rescale Background event weights by factor: 1
--- DataSetFactory           : Number of training and testing events after rescaling:
--- DataSetFactory           : ------------------------------------------------------
--- DataSetFactory           : Signal     -- training events            : 70000 (sum of weights: 70000) - requested were 70000 events
--- DataSetFactory           : Signal     -- testing events             : 70000 (sum of weights: 70000) - requested were 70000 events
--- DataSetFactory           : Signal     -- training and testing events: 140000 (sum of weights: 140000)
--- DataSetFactory           : Signal     -- due to the preselection a scaling factor has been applied to the numbers of requested events: 0.955337
--- DataSetFactory           : Background -- training events            : 70000 (sum of weights: 70000) - requested were 70000 events
--- DataSetFactory           : Background -- testing events             : 70000 (sum of weights: 70000) - requested were 70000 events
--- DataSetFactory           : Background -- training and testing events: 140000 (sum of weights: 140000)
--- DataSetFactory           : Background -- due to the preselection a scaling factor has been applied to the numbers of requested events: 0.925813
--- DataSetFactory           : Create internal training tree
--- DataSetFactory           : Create internal testing tree
--- DataSetInfo              : Correlation matrix (Signal):
--- DataSetInfo              : ---------------------------------------------------------------------------------------------------------------------------------------------------------------------------------------------------------------------------------------------------------------------------------------------------------------------------------------------------------------------------------------------------------------------------------------------------------------------------------------------------------------------------------------------------------------------------------------------------------------------------------------------------------------------
--- DataSetInfo              :                      out_pt out_abseta out_phi out_ip2d_pb out_ip2d_pc out_ip2d_pu out_ip2d_llr out_ip2d_cllr_pbpu out_ip2d_cllr_pbpc out_ip2d_cllr_pcpu out_ip3d_pb out_ip3d_pc out_ip3d_pu out_ip3d_llr out_ip3d_cllr_pbpu out_ip3d_cllr_pbpc out_ip3d_cllr_pcpu out_sv1_Nvtx out_sv1_ntrkv out_sv1_n2t out_sv1_m out_sv1_efc out_sv1_sig3d out_sv1_normdist out_sv1_deltaR out_sv1_Lxy out_sv1_L3d out_jf_pb out_jf_pc out_jf_pu out_jf_llr out_jf_m out_jf_mUncorr out_jf_efc out_jf_deta out_jf_dphi out_jf_dRFlightDir out_jf_ntrkAtVx out_jf_nvtx out_jf_sig3d out_jf_nvtx1t out_jf_n2t out_jf_VTXsize out_jf_phi out_jf_theta out_jf_theta_err out_jf_phi_err
--- DataSetInfo              :             out_pt:  +1.000     -0.076  +0.002      +0.043      +0.044      +0.044       +0.092             +0.104             +0.085             +0.095      +0.042      +0.044      +0.045       +0.083             +0.089             +0.057             +0.096       +0.122        +0.158      +0.175    +0.152      +0.122        +0.196           +0.196         +0.101      +0.326      +0.239    +0.109    +0.110    +0.110     +0.108   +0.127         +0.120     +0.109      +0.110      +0.110             +0.109          +0.146      +0.155       +0.187        +0.130     +0.092         +0.220     +0.003       +0.002           +0.001         +0.001
--- DataSetInfo              :         out_abseta:  -0.076     +1.000  +0.004      -0.019      -0.019      -0.019       -0.081             -0.107             -0.078             -0.083      -0.019      -0.019      -0.019       -0.062             -0.078             -0.005             -0.113       -0.088        -0.095      -0.114    -0.108      -0.088        -0.109           -0.109         -0.085      -0.059      +0.262    -0.045    -0.044    -0.043     -0.053   -0.071         -0.076     -0.044      -0.044      -0.044             -0.044          -0.076      -0.067       -0.070        +0.000     +0.018         -0.011     +0.002       +0.002           -0.001         +0.001
--- DataSetInfo              :            out_phi:  +0.002     +0.004  +1.000      -0.000      -0.000      -0.000       -0.001             -0.002             -0.002             -0.000      -0.000      -0.000      -0.000       -0.003             -0.005             -0.002             -0.005       -0.001        -0.001      -0.001    -0.001      -0.001        -0.006           -0.006         +0.000      -0.009      -0.005    +0.001    +0.001    +0.001     +0.000   +0.003         -0.001     +0.001      +0.001      +0.001             +0.001          -0.002      -0.001       -0.002        +0.002     +0.004         +0.000     +0.434       +0.001           +0.002         +0.002
--- DataSetInfo              :        out_ip2d_pb:  +0.043     -0.019  -0.000      +1.000      +1.000      +1.000       +0.799             +0.411             +0.518             +0.532      +1.000      +1.000      +1.000       +0.796             +0.413             +0.530             +0.554       +0.105        +0.088      +0.058    +0.078      +0.104        +0.071           +0.071         +0.083      +0.036      +0.017    +0.148    +0.148    +0.147     +0.149   +0.091         +0.082     +0.147      +0.148      +0.148             +0.148          +0.098      +0.126       +0.129        +0.083     +0.056         +0.093     +0.042       +0.045           +0.046         +0.046
--- DataSetInfo              :        out_ip2d_pc:  +0.044     -0.019  -0.000      +1.000      +1.000      +1.000       +0.798             +0.409             +0.517             +0.531      +1.000      +1.000      +1.000       +0.796             +0.412             +0.529             +0.554       +0.104        +0.088      +0.058    +0.078      +0.104        +0.070           +0.070         +0.083      +0.035      +0.016    +0.147    +0.146    +0.146     +0.148   +0.090         +0.082     +0.146      +0.146      +0.146             +0.146          +0.097      +0.125       +0.128        +0.082     +0.056         +0.093     +0.042       +0.045           +0.046         +0.046
--- DataSetInfo              :        out_ip2d_pu:  +0.044     -0.019  -0.000      +1.000      +1.000      +1.000       +0.798             +0.409             +0.517             +0.531      +1.000      +1.000      +1.000       +0.796             +0.412             +0.529             +0.554       +0.104        +0.088      +0.059    +0.078      +0.104        +0.070           +0.070         +0.083      +0.035      +0.016    +0.146    +0.146    +0.146     +0.147   +0.090         +0.082     +0.146      +0.146      +0.146             +0.146          +0.098      +0.125       +0.128        +0.082     +0.056         +0.093     +0.042       +0.045           +0.046         +0.046
--- DataSetInfo              :       out_ip2d_llr:  +0.092     -0.081  -0.001      +0.799      +0.798      +0.798       +1.000             +0.876             +0.726             +0.855      +0.799      +0.798      +0.798       +0.940             +0.787             +0.707             +0.819       +0.360        +0.431      +0.416    +0.400      +0.360        +0.323           +0.323         +0.321      +0.182      +0.118    +0.308    +0.305    +0.303     +0.331   +0.317         +0.372     +0.307      +0.305      +0.305             +0.305          +0.413      +0.360       +0.366        +0.159     +0.276         +0.245     +0.032       +0.036           +0.036         +0.035
--- DataSetInfo              : out_ip2d_cllr_pbpu:  +0.104     -0.107  -0.002      +0.411      +0.409      +0.409       +0.876             +1.000             +0.687             +0.869      +0.411      +0.409      +0.409       +0.787             +0.862             +0.647             +0.797       +0.461        +0.581      +0.583    +0.542      +0.462        +0.432           +0.432         +0.420      +0.247      +0.166    +0.349    +0.344    +0.341     +0.382   +0.408         +0.498     +0.347      +0.345      +0.345             +0.344          +0.547      +0.444       +0.451        +0.174     +0.372         +0.295     +0.016       +0.019           +0.017         +0.016
--- DataSetInfo              : out_ip2d_cllr_pbpc:  +0.085     -0.078  -0.002      +0.518      +0.517      +0.517       +0.726             +0.687             +1.000             +0.396      +0.518      +0.517      +0.517       +0.691             +0.634             +0.596             +0.586       +0.278        +0.328      +0.330    +0.318      +0.278        +0.305           +0.305         +0.246      +0.231      +0.150    +0.234    +0.231    +0.230     +0.253   +0.248         +0.291     +0.234      +0.232      +0.232             +0.231          +0.313      +0.276       +0.319        +0.139     +0.197         +0.198     +0.021       +0.024           +0.023         +0.022
--- DataSetInfo              : out_ip2d_cllr_pcpu:  +0.095     -0.083  -0.000      +0.532      +0.531      +0.531       +0.855             +0.869             +0.396             +1.000      +0.532      +0.531      +0.531       +0.777             +0.752             +0.566             +0.767       +0.410        +0.517      +0.506    +0.470      +0.411        +0.341           +0.341         +0.374      +0.152      +0.101    +0.321    +0.317    +0.314     +0.348   +0.360         +0.435     +0.319      +0.317      +0.317             +0.317          +0.490      +0.400       +0.374        +0.149     +0.344         +0.262     +0.022       +0.024           +0.023         +0.022
--- DataSetInfo              :        out_ip3d_pb:  +0.042     -0.019  -0.000      +1.000      +1.000      +1.000       +0.799             +0.411             +0.518             +0.532      +1.000      +1.000      +1.000       +0.797             +0.414             +0.531             +0.554       +0.105        +0.089      +0.058    +0.079      +0.105        +0.071           +0.071         +0.084      +0.036      +0.017    +0.148    +0.148    +0.148     +0.149   +0.091         +0.083     +0.148      +0.148      +0.148             +0.148          +0.098      +0.126       +0.130        +0.083     +0.056         +0.094     +0.042       +0.045           +0.046         +0.046
--- DataSetInfo              :        out_ip3d_pc:  +0.044     -0.019  -0.000      +1.000      +1.000      +1.000       +0.798             +0.409             +0.517             +0.531      +1.000      +1.000      +1.000       +0.796             +0.412             +0.529             +0.554       +0.104        +0.088      +0.058    +0.078      +0.104        +0.069           +0.069         +0.083      +0.035      +0.016    +0.146    +0.146    +0.146     +0.148   +0.090         +0.082     +0.146      +0.146      +0.146             +0.146          +0.097      +0.125       +0.128        +0.082     +0.056         +0.093     +0.042       +0.045           +0.046         +0.046
--- DataSetInfo              :        out_ip3d_pu:  +0.045     -0.019  -0.000      +1.000      +1.000      +1.000       +0.798             +0.409             +0.517             +0.531      +1.000      +1.000      +1.000       +0.796             +0.412             +0.529             +0.554       +0.104        +0.089      +0.059    +0.078      +0.104        +0.070           +0.070         +0.083      +0.035      +0.016    +0.146    +0.146    +0.146     +0.147   +0.090         +0.082     +0.146      +0.146      +0.146             +0.146          +0.098      +0.125       +0.127        +0.082     +0.056         +0.093     +0.042       +0.045           +0.046         +0.046
--- DataSetInfo              :       out_ip3d_llr:  +0.083     -0.062  -0.003      +0.796      +0.796      +0.796       +0.940             +0.787             +0.691             +0.777      +0.797      +0.796      +0.796       +1.000             +0.880             +0.756             +0.888       +0.397        +0.487      +0.466    +0.443      +0.398        +0.341           +0.341         +0.357      +0.180      +0.125    +0.340    +0.336    +0.333     +0.366   +0.351         +0.419     +0.339      +0.336      +0.336             +0.336          +0.473      +0.401       +0.395        +0.167     +0.327         +0.264     +0.032       +0.037           +0.035         +0.035
--- DataSetInfo              : out_ip3d_cllr_pbpu:  +0.089     -0.078  -0.005      +0.413      +0.412      +0.412       +0.787             +0.862             +0.634             +0.752      +0.414      +0.412      +0.412       +0.880             +1.000             +0.722             +0.901       +0.516        +0.662      +0.654    +0.604      +0.517        +0.458           +0.458         +0.471      +0.243      +0.175    +0.396    +0.390    +0.386     +0.434   +0.457         +0.565     +0.394      +0.391      +0.391             +0.390          +0.635      +0.505       +0.493        +0.186     +0.447         +0.324     +0.015       +0.019           +0.017         +0.016
--- DataSetInfo              : out_ip3d_cllr_pbpc:  +0.057     -0.005  -0.002      +0.530      +0.529      +0.529       +0.707             +0.647             +0.596             +0.566      +0.531      +0.529      +0.529       +0.756             +0.722             +1.000             +0.496       +0.318        +0.390      +0.383    +0.363      +0.319        +0.327           +0.327         +0.285      +0.232      +0.192    +0.269    +0.265    +0.263     +0.291   +0.286         +0.346     +0.268      +0.266      +0.266             +0.266          +0.381      +0.321       +0.362        +0.148     +0.255         +0.218     +0.021       +0.025           +0.023         +0.022
--- DataSetInfo              : out_ip3d_cllr_pcpu:  +0.096     -0.113  -0.005      +0.554      +0.554      +0.554       +0.819             +0.797             +0.586             +0.767      +0.554      +0.554      +0.554       +0.888             +0.901             +0.496             +1.000       +0.470        +0.600      +0.584    +0.539      +0.471        +0.365           +0.365         +0.429      +0.139      +0.073    +0.369    +0.364    +0.361     +0.401   +0.412         +0.503     +0.367      +0.364      +0.364             +0.364          +0.576      +0.463       +0.409        +0.161     +0.415         +0.292     +0.021       +0.025           +0.024         +0.023
--- DataSetInfo              :       out_sv1_Nvtx:  +0.122     -0.088  -0.001      +0.105      +0.104      +0.104       +0.360             +0.461             +0.278             +0.410      +0.105      +0.104      +0.104       +0.397             +0.516             +0.318             +0.470       +1.000        +0.829      +0.502    +0.714      +1.000        +0.825           +0.825         +0.977      +0.455      +0.371    +0.491    +0.487    +0.483     +0.520   +0.418         +0.507     +0.489      +0.487      +0.487             +0.486          +0.596      +0.619       +0.546        +0.138     +0.359         +0.316     +0.006       +0.007           +0.005         +0.003
--- DataSetInfo              :      out_sv1_ntrkv:  +0.158     -0.095  -0.001      +0.088      +0.088      +0.088       +0.431             +0.581             +0.328             +0.517      +0.089      +0.088      +0.089       +0.487             +0.662             +0.390             +0.600       +0.829        +1.000      +0.838    +0.841      +0.830        +0.742           +0.742         +0.796      +0.416      +0.327    +0.427    +0.420    +0.416     +0.469   +0.489         +0.657     +0.424      +0.421      +0.421             +0.420          +0.800      +0.605       +0.536        +0.098     +0.619         +0.307     +0.005       +0.005           +0.003         +0.002
--- DataSetInfo              :        out_sv1_n2t:  +0.175     -0.114  -0.001      +0.058      +0.058      +0.059       +0.416             +0.583             +0.330             +0.506      +0.058      +0.058      +0.059       +0.466             +0.654             +0.383             +0.584       +0.502        +0.838      +1.000    +0.687      +0.503        +0.530           +0.530         +0.471      +0.325      +0.227    +0.275    +0.268    +0.265     +0.313   +0.418         +0.601     +0.272      +0.269      +0.269             +0.269          +0.760      +0.454       +0.427        +0.083     +0.688         +0.273     +0.003       +0.004           +0.002         +0.001
--- DataSetInfo              :          out_sv1_m:  +0.152     -0.108  -0.001      +0.078      +0.078      +0.078       +0.400             +0.542             +0.318             +0.470      +0.079      +0.078      +0.078       +0.443             +0.604             +0.363             +0.539       +0.714        +0.841      +0.687    +1.000      +0.716        +0.682           +0.682         +0.686      +0.327      +0.239    +0.376    +0.369    +0.365     +0.420   +0.597         +0.770     +0.373      +0.370      +0.370             +0.370          +0.671      +0.526       +0.500        +0.088     +0.466         +0.264     +0.004       +0.005           +0.003         +0.002
--- DataSetInfo              :        out_sv1_efc:  +0.122     -0.088  -0.001      +0.104      +0.104      +0.104       +0.360             +0.462             +0.278             +0.411      +0.105      +0.104      +0.104       +0.398             +0.517             +0.319             +0.471       +1.000        +0.830      +0.503    +0.716      +1.000        +0.825           +0.825         +0.977      +0.455      +0.371    +0.491    +0.487    +0.483     +0.521   +0.419         +0.508     +0.489      +0.487      +0.487             +0.486          +0.597      +0.619       +0.546        +0.138     +0.360         +0.316     +0.006       +0.007           +0.005         +0.003
--- DataSetInfo              :      out_sv1_sig3d:  +0.196     -0.109  -0.006      +0.071      +0.070      +0.070       +0.323             +0.432             +0.305             +0.341      +0.071      +0.069      +0.070       +0.341             +0.458             +0.327             +0.365       +0.825        +0.742      +0.530    +0.682      +0.825        +1.000           +1.000         +0.796      +0.748      +0.588    +0.405    +0.400    +0.397     +0.430   +0.378         +0.482     +0.403      +0.401      +0.401             +0.400          +0.539      +0.520       +0.603        +0.144     +0.324         +0.288     +0.003       +0.006           +0.003         +0.002
--- DataSetInfo              :   out_sv1_normdist:  +0.196     -0.109  -0.006      +0.071      +0.070      +0.070       +0.323             +0.432             +0.305             +0.341      +0.071      +0.069      +0.070       +0.341             +0.458             +0.327             +0.365       +0.825        +0.742      +0.530    +0.682      +0.825        +1.000           +1.000         +0.796      +0.748      +0.588    +0.405    +0.400    +0.397     +0.430   +0.378         +0.482     +0.403      +0.401      +0.401             +0.400          +0.539      +0.520       +0.603        +0.144     +0.324         +0.288     +0.003       +0.006           +0.003         +0.002
--- DataSetInfo              :     out_sv1_deltaR:  +0.101     -0.085  +0.000      +0.083      +0.083      +0.083       +0.321             +0.420             +0.246             +0.374      +0.084      +0.083      +0.083       +0.357             +0.471             +0.285             +0.429       +0.977        +0.796      +0.471    +0.686      +0.977        +0.796           +0.796         +1.000      +0.416      +0.347    +0.466    +0.462    +0.458     +0.493   +0.396         +0.473     +0.464      +0.462      +0.462             +0.461          +0.557      +0.585       +0.511        +0.132     +0.344         +0.306     +0.006       +0.006           +0.005         +0.003
--- DataSetInfo              :        out_sv1_Lxy:  +0.326     -0.059  -0.009      +0.036      +0.035      +0.035       +0.182             +0.247             +0.231             +0.152      +0.036      +0.035      +0.035       +0.180             +0.243             +0.232             +0.139       +0.455        +0.416      +0.325    +0.327      +0.455        +0.748           +0.748         +0.416      +1.000      +0.816    +0.217    +0.215    +0.213     +0.228   +0.157         +0.218     +0.217      +0.215      +0.215             +0.214          +0.292      +0.284       +0.445        +0.126     +0.166         +0.200     -0.001       +0.004           +0.002         +0.001
--- DataSetInfo              :        out_sv1_L3d:  +0.239     +0.262  -0.005      +0.017      +0.016      +0.016       +0.118             +0.166             +0.150             +0.101      +0.017      +0.016      +0.016       +0.125             +0.175             +0.192             +0.073       +0.371        +0.327      +0.227    +0.239      +0.371        +0.588           +0.588         +0.347      +0.816      +1.000    +0.166    +0.164    +0.163     +0.171   +0.106         +0.152     +0.166      +0.164      +0.164             +0.164          +0.217      +0.215       +0.344        +0.106     +0.176         +0.165     +0.000       +0.003           +0.001         +0.001
--- DataSetInfo              :          out_jf_pb:  +0.109     -0.045  +0.001      +0.148      +0.147      +0.146       +0.308             +0.349             +0.234             +0.321      +0.148      +0.146      +0.146       +0.340             +0.396             +0.269             +0.369       +0.491        +0.427      +0.275    +0.376      +0.491        +0.405           +0.405         +0.466      +0.217      +0.166    +1.000    +1.000    +1.000     +0.997   +0.516         +0.448     +1.000      +1.000      +1.000             +1.000          +0.558      +0.781       +0.896        +0.575     +0.327         +0.461     +0.010       +0.011           +0.009         +0.007
--- DataSetInfo              :          out_jf_pc:  +0.110     -0.044  +0.001      +0.148      +0.146      +0.146       +0.305             +0.344             +0.231             +0.317      +0.148      +0.146      +0.146       +0.336             +0.390             +0.265             +0.364       +0.487        +0.420      +0.268    +0.369      +0.487        +0.400           +0.400         +0.462      +0.215      +0.164    +1.000    +1.000    +1.000     +0.996   +0.510         +0.440     +1.000      +1.000      +1.000             +1.000          +0.550      +0.776       +0.893        +0.577     +0.322         +0.459     +0.010       +0.011           +0.009         +0.007
--- DataSetInfo              :          out_jf_pu:  +0.110     -0.043  +0.001      +0.147      +0.146      +0.146       +0.303             +0.341             +0.230             +0.314      +0.148      +0.146      +0.146       +0.333             +0.386             +0.263             +0.361       +0.483        +0.416      +0.265    +0.365      +0.483        +0.397           +0.397         +0.458      +0.213      +0.163    +1.000    +1.000    +1.000     +0.995   +0.507         +0.436     +1.000      +1.000      +1.000             +1.000          +0.546      +0.773       +0.892        +0.580     +0.320         +0.459     +0.010       +0.011           +0.009         +0.007
--- DataSetInfo              :         out_jf_llr:  +0.108     -0.053  +0.000      +0.149      +0.148      +0.147       +0.331             +0.382             +0.253             +0.348      +0.149      +0.148      +0.147       +0.366             +0.434             +0.291             +0.401       +0.520        +0.469      +0.313    +0.420      +0.521        +0.430           +0.430         +0.493      +0.228      +0.171    +0.997    +0.996    +0.995     +1.000   +0.549         +0.498     +0.997      +0.996      +0.996             +0.996          +0.605      +0.805       +0.907        +0.555     +0.353         +0.462     +0.010       +0.011           +0.008         +0.007
--- DataSetInfo              :           out_jf_m:  +0.127     -0.071  +0.003      +0.091      +0.090      +0.090       +0.317             +0.408             +0.248             +0.360      +0.091      +0.090      +0.090       +0.351             +0.457             +0.286             +0.412       +0.418        +0.489      +0.418    +0.597      +0.419        +0.378           +0.378         +0.396      +0.157      +0.106    +0.516    +0.510    +0.507     +0.549   +1.000         +0.789     +0.514      +0.511      +0.511             +0.511          +0.605      +0.592       +0.555        +0.218     +0.367         +0.346     +0.006       +0.006           +0.004         +0.003
--- DataSetInfo              :     out_jf_mUncorr:  +0.120     -0.076  -0.001      +0.082      +0.082      +0.082       +0.372             +0.498             +0.291             +0.435      +0.083      +0.082      +0.082       +0.419             +0.565             +0.346             +0.503       +0.507        +0.657      +0.601    +0.770      +0.508        +0.482           +0.482         +0.473      +0.218      +0.152    +0.448    +0.440    +0.436     +0.498   +0.789         +1.000     +0.444      +0.441      +0.441             +0.440          +0.810      +0.646       +0.588        +0.028     +0.492         +0.225     +0.004       +0.005           +0.003         +0.001
--- DataSetInfo              :         out_jf_efc:  +0.109     -0.044  +0.001      +0.147      +0.146      +0.146       +0.307             +0.347             +0.234             +0.319      +0.148      +0.146      +0.146       +0.339             +0.394             +0.268             +0.367       +0.489        +0.424      +0.272    +0.373      +0.489        +0.403           +0.403         +0.464      +0.217      +0.166    +1.000    +1.000    +1.000     +0.997   +0.514         +0.444     +1.000      +1.000      +1.000             +1.000          +0.554      +0.778       +0.895        +0.577     +0.324         +0.461     +0.010       +0.011           +0.009         +0.007
--- DataSetInfo              :        out_jf_deta:  +0.110     -0.044  +0.001      +0.148      +0.146      +0.146       +0.305             +0.345             +0.232             +0.317      +0.148      +0.146      +0.146       +0.336             +0.391             +0.266             +0.364       +0.487        +0.421      +0.269    +0.370      +0.487        +0.401           +0.401         +0.462      +0.215      +0.164    +1.000    +1.000    +1.000     +0.996   +0.511         +0.441     +1.000      +1.000      +1.000             +1.000          +0.551      +0.777       +0.894        +0.577     +0.323         +0.460     +0.010       +0.011           +0.009         +0.007
--- DataSetInfo              :        out_jf_dphi:  +0.110     -0.044  +0.001      +0.148      +0.146      +0.146       +0.305             +0.345             +0.232             +0.317      +0.148      +0.146      +0.146       +0.336             +0.391             +0.266             +0.364       +0.487        +0.421      +0.269    +0.370      +0.487        +0.401           +0.401         +0.462      +0.215      +0.164    +1.000    +1.000    +1.000     +0.996   +0.511         +0.441     +1.000      +1.000      +1.000             +1.000          +0.551      +0.777       +0.894        +0.577     +0.323         +0.460     +0.010       +0.011           +0.009         +0.007
--- DataSetInfo              : out_jf_dRFlightDir:  +0.109     -0.044  +0.001      +0.148      +0.146      +0.146       +0.305             +0.344             +0.231             +0.317      +0.148      +0.146      +0.146       +0.336             +0.390             +0.266             +0.364       +0.486        +0.420      +0.269    +0.370      +0.486        +0.400           +0.400         +0.461      +0.214      +0.164    +1.000    +1.000    +1.000     +0.996   +0.511         +0.440     +1.000      +1.000      +1.000             +1.000          +0.551      +0.776       +0.893        +0.578     +0.323         +0.460     +0.010       +0.011           +0.009         +0.007
--- DataSetInfo              :    out_jf_ntrkAtVx:  +0.146     -0.076  -0.002      +0.098      +0.097      +0.098       +0.413             +0.547             +0.313             +0.490      +0.098      +0.097      +0.098       +0.473             +0.635             +0.381             +0.576       +0.596        +0.800      +0.760    +0.671      +0.597        +0.539           +0.539         +0.557      +0.292      +0.217    +0.558    +0.550    +0.546     +0.605   +0.605         +0.810     +0.554      +0.551      +0.551             +0.551          +1.000      +0.812       +0.678        +0.024     +0.672         +0.281     +0.004       +0.005           +0.004         +0.002
--- DataSetInfo              :        out_jf_nvtx:  +0.155     -0.067  -0.001      +0.126      +0.125      +0.125       +0.360             +0.444             +0.276             +0.400      +0.126      +0.125      +0.125       +0.401             +0.505             +0.321             +0.463       +0.619        +0.605      +0.454    +0.526      +0.619        +0.520           +0.520         +0.585      +0.284      +0.215    +0.781    +0.776    +0.773     +0.805   +0.592         +0.646     +0.778      +0.777      +0.777             +0.776          +0.812      +1.000       +0.808        +0.221     +0.438         +0.476     +0.007       +0.008           +0.006         +0.004
--- DataSetInfo              :       out_jf_sig3d:  +0.187     -0.070  -0.002      +0.129      +0.128      +0.128       +0.366             +0.451             +0.319             +0.374      +0.130      +0.128      +0.127       +0.395             +0.493             +0.362             +0.409       +0.546        +0.536      +0.427    +0.500      +0.546        +0.603           +0.603         +0.511      +0.445      +0.344    +0.896    +0.893    +0.892     +0.907   +0.555         +0.588     +0.895      +0.894      +0.894             +0.893          +0.678      +0.808       +1.000        +0.478     +0.386         +0.465     +0.008       +0.010           +0.007         +0.005
--- DataSetInfo              :      out_jf_nvtx1t:  +0.130     +0.000  +0.002      +0.083      +0.082      +0.082       +0.159             +0.174             +0.139             +0.149      +0.083      +0.082      +0.082       +0.167             +0.186             +0.148             +0.161       +0.138        +0.098      +0.083    +0.088      +0.138        +0.144           +0.144         +0.132      +0.126      +0.106    +0.575    +0.577    +0.580     +0.555   +0.218         +0.028     +0.577      +0.577      +0.577             +0.578          +0.024      +0.221       +0.478        +1.000     +0.146         +0.739     +0.006       +0.009           +0.005         +0.005
--- DataSetInfo              :         out_jf_n2t:  +0.092     +0.018  +0.004      +0.056      +0.056      +0.056       +0.276             +0.372             +0.197             +0.344      +0.056      +0.056      +0.056       +0.327             +0.447             +0.255             +0.415       +0.359        +0.619      +0.688    +0.466      +0.360        +0.324           +0.324         +0.344      +0.166      +0.176    +0.327    +0.322    +0.320     +0.353   +0.367         +0.492     +0.324      +0.323      +0.323             +0.323          +0.672      +0.438       +0.386        +0.146     +1.000         +0.315     +0.005       +0.005           +0.002         +0.001
--- DataSetInfo              :     out_jf_VTXsize:  +0.220     -0.011  +0.000      +0.093      +0.093      +0.093       +0.245             +0.295             +0.198             +0.262      +0.094      +0.093      +0.093       +0.264             +0.324             +0.218             +0.292       +0.316        +0.307      +0.273    +0.264      +0.316        +0.288           +0.288         +0.306      +0.200      +0.165    +0.461    +0.459    +0.459     +0.462   +0.346         +0.225     +0.461      +0.460      +0.460             +0.460          +0.281      +0.476       +0.465        +0.739     +0.315         +1.000     +0.006       +0.008           +0.005         +0.004
--- DataSetInfo              :         out_jf_phi:  +0.003     +0.002  +0.434      +0.042      +0.042      +0.042       +0.032             +0.016             +0.021             +0.022      +0.042      +0.042      +0.042       +0.032             +0.015             +0.021             +0.021       +0.006        +0.005      +0.003    +0.004      +0.006        +0.003           +0.003         +0.006      -0.001      +0.000    +0.010    +0.010    +0.010     +0.010   +0.006         +0.004     +0.010      +0.010      +0.010             +0.010          +0.004      +0.007       +0.008        +0.006     +0.005         +0.006     +1.000       +0.879           +0.901         +0.901
--- DataSetInfo              :       out_jf_theta:  +0.002     +0.002  +0.001      +0.045      +0.045      +0.045       +0.036             +0.019             +0.024             +0.024      +0.045      +0.045      +0.045       +0.037             +0.019             +0.025             +0.025       +0.007        +0.005      +0.004    +0.005      +0.007        +0.006           +0.006         +0.006      +0.004      +0.003    +0.011    +0.011    +0.011     +0.011   +0.006         +0.005     +0.011      +0.011      +0.011             +0.011          +0.005      +0.008       +0.010        +0.009     +0.005         +0.008     +0.879       +1.000           +0.975         +0.975
--- DataSetInfo              :   out_jf_theta_err:  +0.001     -0.001  +0.002      +0.046      +0.046      +0.046       +0.036             +0.017             +0.023             +0.023      +0.046      +0.046      +0.046       +0.035             +0.017             +0.023             +0.024       +0.005        +0.003      +0.002    +0.003      +0.005        +0.003           +0.003         +0.005      +0.002      +0.001    +0.009    +0.009    +0.009     +0.008   +0.004         +0.003     +0.009      +0.009      +0.009             +0.009          +0.004      +0.006       +0.007        +0.005     +0.002         +0.005     +0.901       +0.975           +1.000         +1.000
--- DataSetInfo              :     out_jf_phi_err:  +0.001     +0.001  +0.002      +0.046      +0.046      +0.046       +0.035             +0.016             +0.022             +0.022      +0.046      +0.046      +0.046       +0.035             +0.016             +0.022             +0.023       +0.003        +0.002      +0.001    +0.002      +0.003        +0.002           +0.002         +0.003      +0.001      +0.001    +0.007    +0.007    +0.007     +0.007   +0.003         +0.001     +0.007      +0.007      +0.007             +0.007          +0.002      +0.004       +0.005        +0.005     +0.001         +0.004     +0.901       +0.975           +1.000         +1.000
--- DataSetInfo              : ---------------------------------------------------------------------------------------------------------------------------------------------------------------------------------------------------------------------------------------------------------------------------------------------------------------------------------------------------------------------------------------------------------------------------------------------------------------------------------------------------------------------------------------------------------------------------------------------------------------------------------------------------------------------
--- DataSetInfo              : Correlation matrix (Background):
