
Processing NewTMVAClassification.C...
===> Start TMVAClassification

--- Factory                  : You are running ROOT Version: 5.34/30, Apr 23, 2015
--- Factory                  : 
--- Factory                  : _/_/_/_/_/ _|      _|  _|      _|    _|_|   
--- Factory                  :    _/      _|_|  _|_|  _|      _|  _|    _| 
--- Factory                  :   _/       _|  _|  _|  _|      _|  _|_|_|_| 
--- Factory                  :  _/        _|      _|    _|  _|    _|    _| 
--- Factory                  : _/         _|      _|      _|      _|    _| 
--- Factory                  : 
--- Factory                  : ___________TMVA Version 4.2.0, Sep 19, 2013
--- Factory                  : 
---- TMVAClassification: Using input file: testdata/ttbar_bottom/*.root
---- TMVAClassification: Using input file: testdata/ttbar_light/*.root
--- DataSetInfo              : Added class "Signal"	 with internal class number 0
--- Factory                  : Add Tree jetdata of type Signal with 153796 events
--- DataSetInfo              : Added class "Background"	 with internal class number 1
--- Factory                  : Add Tree jetdata of type Background with 427528 events
--- Factory                  : Preparing trees for training and testing...
--- Factory                  : Booking method: [1mBDT[0m
--- DataSetFactory           : Splitmode is: "RANDOM" the mixmode is: "SAMEASSPLITMODE"
--- DataSetFactory           : Create training and testing trees -- looping over class "Signal" ...
--- DataSetFactory           : Weight expression for class 'Signal': ""
--- DataSetFactory           : Create training and testing trees -- looping over class "Background" ...
--- DataSetFactory           : Weight expression for class 'Background': ""
--- DataSetFactory           : Number of events in input trees (after possible flattening of arrays):
--- DataSetFactory           :     Signal          -- number of events       : 153796  / sum of weights: 153796
--- DataSetFactory           :     Background      -- number of events       : 427528  / sum of weights: 427528
--- DataSetFactory           :     Signal     tree -- total number of entries: 153796
--- DataSetFactory           :     Background tree -- total number of entries: 427528
--- DataSetFactory           : Preselection: (will NOT affect number of requested training and testing events)
--- DataSetFactory           :     Signal     requirement: "out_abseta<2.5"
--- DataSetFactory           :     Signal          -- number of events passed: 146927  / sum of weights: 146927
--- DataSetFactory           :     Signal          -- efficiency             : 0.955337
--- DataSetFactory           :     Background requirement: "out_abseta<2.5"
--- DataSetFactory           :     Background      -- number of events passed: 395811  / sum of weights: 395811
--- DataSetFactory           :     Background      -- efficiency             : 0.925813
--- DataSetFactory           :  you have opted for interpreting the requested number of training/testing events
--- DataSetFactory           :  to be the number of events AFTER your preselection cuts
--- DataSetFactory           :  you have opted for interpreting the requested number of training/testing events
--- DataSetFactory           :  to be the number of events AFTER your preselection cuts
--- DataSetFactory           : Weight renormalisation mode: "NumEvents": renormalises all event classes 
--- DataSetFactory           :  such that the effective (weighted) number of events in each class equals the respective 
--- DataSetFactory           :  number of events (entries) that you demanded in PrepareTrainingAndTestTree("","nTrain_Signal=.. )
--- DataSetFactory           :  ... i.e. such that Sum[i=1..N_j]{w_i} = N_j, j=0,1,2...
--- DataSetFactory           :  ... (note that N_j is the sum of TRAINING events (nTrain_j...with j=Signal,Background..
--- DataSetFactory           :  ..... Testing events are not renormalised nor included in the renormalisation factor! )
--- DataSetFactory           : --> Rescale Signal     event weights by factor: 1
--- DataSetFactory           : --> Rescale Background event weights by factor: 1
--- DataSetFactory           : Number of training and testing events after rescaling:
--- DataSetFactory           : ------------------------------------------------------
--- DataSetFactory           : Signal     -- training events            : 70000 (sum of weights: 70000) - requested were 70000 events
--- DataSetFactory           : Signal     -- testing events             : 70000 (sum of weights: 70000) - requested were 70000 events
--- DataSetFactory           : Signal     -- training and testing events: 140000 (sum of weights: 140000)
--- DataSetFactory           : Signal     -- due to the preselection a scaling factor has been applied to the numbers of requested events: 0.955337
--- DataSetFactory           : Background -- training events            : 70000 (sum of weights: 70000) - requested were 70000 events
--- DataSetFactory           : Background -- testing events             : 70000 (sum of weights: 70000) - requested were 70000 events
--- DataSetFactory           : Background -- training and testing events: 140000 (sum of weights: 140000)
--- DataSetFactory           : Background -- due to the preselection a scaling factor has been applied to the numbers of requested events: 0.925813
--- DataSetFactory           : Create internal training tree
--- DataSetFactory           : Create internal testing tree
--- DataSetInfo              : Correlation matrix (Signal):
--- DataSetInfo              : ---------------------------------------------------------------------------------------------------------------------------------------------------------------------------------------------------------------------------------------------------------------------------------------------------------------------------------------------------------------
--- DataSetInfo              :                     out_ip2d_cllr_pcpu out_ip3d_cllr_pbpu out_ip3d_cllr_pcpu out_sv1_Nvtx out_sv1_ntrkv out_sv1_n2t out_sv1_m out_sv1_efc out_sv1_sig3d out_sv1_normdist out_sv1_deltaR out_sv1_Lxy out_jf_pb out_jf_pu out_jf_llr out_jf_m out_jf_mUncorr out_jf_efc out_jf_deta out_jf_dphi out_jf_ntrkAtVx out_jf_nvtx out_jf_sig3d out_jf_nvtx1t out_jf_n2t
--- DataSetInfo              : out_ip2d_cllr_pcpu:             +1.000             +0.752             +0.767       +0.410        +0.517      +0.506    +0.470      +0.411        +0.341           +0.341         +0.374      +0.152    +0.321    +0.314     +0.348   +0.360         +0.435     +0.319      +0.317      +0.317          +0.490      +0.400       +0.374        +0.149     +0.344
--- DataSetInfo              : out_ip3d_cllr_pbpu:             +0.752             +1.000             +0.901       +0.516        +0.662      +0.654    +0.604      +0.517        +0.458           +0.458         +0.471      +0.243    +0.396    +0.386     +0.434   +0.457         +0.565     +0.394      +0.391      +0.391          +0.635      +0.505       +0.493        +0.186     +0.447
--- DataSetInfo              : out_ip3d_cllr_pcpu:             +0.767             +0.901             +1.000       +0.470        +0.600      +0.584    +0.539      +0.471        +0.365           +0.365         +0.429      +0.139    +0.369    +0.361     +0.401   +0.412         +0.503     +0.367      +0.364      +0.364          +0.576      +0.463       +0.409        +0.161     +0.415
--- DataSetInfo              :       out_sv1_Nvtx:             +0.410             +0.516             +0.470       +1.000        +0.829      +0.502    +0.714      +1.000        +0.825           +0.825         +0.977      +0.455    +0.491    +0.483     +0.520   +0.418         +0.507     +0.489      +0.487      +0.487          +0.596      +0.619       +0.546        +0.138     +0.359
--- DataSetInfo              :      out_sv1_ntrkv:             +0.517             +0.662             +0.600       +0.829        +1.000      +0.838    +0.841      +0.830        +0.742           +0.742         +0.796      +0.416    +0.427    +0.416     +0.469   +0.489         +0.657     +0.424      +0.421      +0.421          +0.800      +0.605       +0.536        +0.098     +0.619
--- DataSetInfo              :        out_sv1_n2t:             +0.506             +0.654             +0.584       +0.502        +0.838      +1.000    +0.687      +0.503        +0.530           +0.530         +0.471      +0.325    +0.275    +0.265     +0.313   +0.418         +0.601     +0.272      +0.269      +0.269          +0.760      +0.454       +0.427        +0.083     +0.688
--- DataSetInfo              :          out_sv1_m:             +0.470             +0.604             +0.539       +0.714        +0.841      +0.687    +1.000      +0.716        +0.682           +0.682         +0.686      +0.327    +0.376    +0.365     +0.420   +0.597         +0.770     +0.373      +0.370      +0.370          +0.671      +0.526       +0.500        +0.088     +0.466
--- DataSetInfo              :        out_sv1_efc:             +0.411             +0.517             +0.471       +1.000        +0.830      +0.503    +0.716      +1.000        +0.825           +0.825         +0.977      +0.455    +0.491    +0.483     +0.521   +0.419         +0.508     +0.489      +0.487      +0.487          +0.597      +0.619       +0.546        +0.138     +0.360
--- DataSetInfo              :      out_sv1_sig3d:             +0.341             +0.458             +0.365       +0.825        +0.742      +0.530    +0.682      +0.825        +1.000           +1.000         +0.796      +0.748    +0.405    +0.397     +0.430   +0.378         +0.482     +0.403      +0.401      +0.401          +0.539      +0.520       +0.603        +0.144     +0.324
--- DataSetInfo              :   out_sv1_normdist:             +0.341             +0.458             +0.365       +0.825        +0.742      +0.530    +0.682      +0.825        +1.000           +1.000         +0.796      +0.748    +0.405    +0.397     +0.430   +0.378         +0.482     +0.403      +0.401      +0.401          +0.539      +0.520       +0.603        +0.144     +0.324
--- DataSetInfo              :     out_sv1_deltaR:             +0.374             +0.471             +0.429       +0.977        +0.796      +0.471    +0.686      +0.977        +0.796           +0.796         +1.000      +0.416    +0.466    +0.458     +0.493   +0.396         +0.473     +0.464      +0.462      +0.462          +0.557      +0.585       +0.511        +0.132     +0.344
--- DataSetInfo              :        out_sv1_Lxy:             +0.152             +0.243             +0.139       +0.455        +0.416      +0.325    +0.327      +0.455        +0.748           +0.748         +0.416      +1.000    +0.217    +0.213     +0.228   +0.157         +0.218     +0.217      +0.215      +0.215          +0.292      +0.284       +0.445        +0.126     +0.166
--- DataSetInfo              :          out_jf_pb:             +0.321             +0.396             +0.369       +0.491        +0.427      +0.275    +0.376      +0.491        +0.405           +0.405         +0.466      +0.217    +1.000    +1.000     +0.997   +0.516         +0.448     +1.000      +1.000      +1.000          +0.558      +0.781       +0.896        +0.575     +0.327
--- DataSetInfo              :          out_jf_pu:             +0.314             +0.386             +0.361       +0.483        +0.416      +0.265    +0.365      +0.483        +0.397           +0.397         +0.458      +0.213    +1.000    +1.000     +0.995   +0.507         +0.436     +1.000      +1.000      +1.000          +0.546      +0.773       +0.892        +0.580     +0.320
--- DataSetInfo              :         out_jf_llr:             +0.348             +0.434             +0.401       +0.520        +0.469      +0.313    +0.420      +0.521        +0.430           +0.430         +0.493      +0.228    +0.997    +0.995     +1.000   +0.549         +0.498     +0.997      +0.996      +0.996          +0.605      +0.805       +0.907        +0.555     +0.353
--- DataSetInfo              :           out_jf_m:             +0.360             +0.457             +0.412       +0.418        +0.489      +0.418    +0.597      +0.419        +0.378           +0.378         +0.396      +0.157    +0.516    +0.507     +0.549   +1.000         +0.789     +0.514      +0.511      +0.511          +0.605      +0.592       +0.555        +0.218     +0.367
--- DataSetInfo              :     out_jf_mUncorr:             +0.435             +0.565             +0.503       +0.507        +0.657      +0.601    +0.770      +0.508        +0.482           +0.482         +0.473      +0.218    +0.448    +0.436     +0.498   +0.789         +1.000     +0.444      +0.441      +0.441          +0.810      +0.646       +0.588        +0.028     +0.492
--- DataSetInfo              :         out_jf_efc:             +0.319             +0.394             +0.367       +0.489        +0.424      +0.272    +0.373      +0.489        +0.403           +0.403         +0.464      +0.217    +1.000    +1.000     +0.997   +0.514         +0.444     +1.000      +1.000      +1.000          +0.554      +0.778       +0.895        +0.577     +0.324
--- DataSetInfo              :        out_jf_deta:             +0.317             +0.391             +0.364       +0.487        +0.421      +0.269    +0.370      +0.487        +0.401           +0.401         +0.462      +0.215    +1.000    +1.000     +0.996   +0.511         +0.441     +1.000      +1.000      +1.000          +0.551      +0.777       +0.894        +0.577     +0.323
--- DataSetInfo              :        out_jf_dphi:             +0.317             +0.391             +0.364       +0.487        +0.421      +0.269    +0.370      +0.487        +0.401           +0.401         +0.462      +0.215    +1.000    +1.000     +0.996   +0.511         +0.441     +1.000      +1.000      +1.000          +0.551      +0.777       +0.894        +0.577     +0.323
--- DataSetInfo              :    out_jf_ntrkAtVx:             +0.490             +0.635             +0.576       +0.596        +0.800      +0.760    +0.671      +0.597        +0.539           +0.539         +0.557      +0.292    +0.558    +0.546     +0.605   +0.605         +0.810     +0.554      +0.551      +0.551          +1.000      +0.812       +0.678        +0.024     +0.672
--- DataSetInfo              :        out_jf_nvtx:             +0.400             +0.505             +0.463       +0.619        +0.605      +0.454    +0.526      +0.619        +0.520           +0.520         +0.585      +0.284    +0.781    +0.773     +0.805   +0.592         +0.646     +0.778      +0.777      +0.777          +0.812      +1.000       +0.808        +0.221     +0.438
--- DataSetInfo              :       out_jf_sig3d:             +0.374             +0.493             +0.409       +0.546        +0.536      +0.427    +0.500      +0.546        +0.603           +0.603         +0.511      +0.445    +0.896    +0.892     +0.907   +0.555         +0.588     +0.895      +0.894      +0.894          +0.678      +0.808       +1.000        +0.478     +0.386
--- DataSetInfo              :      out_jf_nvtx1t:             +0.149             +0.186             +0.161       +0.138        +0.098      +0.083    +0.088      +0.138        +0.144           +0.144         +0.132      +0.126    +0.575    +0.580     +0.555   +0.218         +0.028     +0.577      +0.577      +0.577          +0.024      +0.221       +0.478        +1.000     +0.146
--- DataSetInfo              :         out_jf_n2t:             +0.344             +0.447             +0.415       +0.359        +0.619      +0.688    +0.466      +0.360        +0.324           +0.324         +0.344      +0.166    +0.327    +0.320     +0.353   +0.367         +0.492     +0.324      +0.323      +0.323          +0.672      +0.438       +0.386        +0.146     +1.000
--- DataSetInfo              : ---------------------------------------------------------------------------------------------------------------------------------------------------------------------------------------------------------------------------------------------------------------------------------------------------------------------------------------------------------------
--- DataSetInfo              : Correlation matrix (Background):
--- DataSetInfo              : ---------------------------------------------------------------------------------------------------------------------------------------------------------------------------------------------------------------------------------------------------------------------------------------------------------------------------------------------------------------
--- DataSetInfo              :                     out_ip2d_cllr_pcpu out_ip3d_cllr_pbpu out_ip3d_cllr_pcpu out_sv1_Nvtx out_sv1_ntrkv out_sv1_n2t out_sv1_m out_sv1_efc out_sv1_sig3d out_sv1_normdist out_sv1_deltaR out_sv1_Lxy out_jf_pb out_jf_pu out_jf_llr out_jf_m out_jf_mUncorr out_jf_efc out_jf_deta out_jf_dphi out_jf_ntrkAtVx out_jf_nvtx out_jf_sig3d out_jf_nvtx1t out_jf_n2t
--- DataSetInfo              : out_ip2d_cllr_pcpu:             +1.000             +0.994             +0.999       +0.062        +0.051      +0.047    +0.039      +0.062        +0.047           +0.047         +0.017      +0.036    +0.172    +0.172     +0.173   +0.132         +0.142     +0.172      +0.172      +0.172          +0.161      +0.173       +0.172        +0.156     +0.066
--- DataSetInfo              : out_ip3d_cllr_pbpu:             +0.994             +1.000             +0.995       +0.064        +0.054      +0.054    +0.042      +0.064        +0.048           +0.048         +0.020      +0.035    +0.176    +0.176     +0.176   +0.137         +0.144     +0.175      +0.176      +0.176          +0.160      +0.173       +0.175        +0.163     +0.074
--- DataSetInfo              : out_ip3d_cllr_pcpu:             +0.999             +0.995             +1.000       +0.063        +0.053      +0.051    +0.041      +0.063        +0.048           +0.048         +0.018      +0.037    +0.176    +0.176     +0.176   +0.136         +0.146     +0.175      +0.176      +0.176          +0.164      +0.176       +0.175        +0.160     +0.070
--- DataSetInfo              :       out_sv1_Nvtx:             +0.062             +0.064             +0.063       +1.000        +0.954      +0.744    +0.818      +1.000        +0.881           +0.881         +0.799      +0.537    +0.190    +0.189     +0.192   +0.222         +0.285     +0.189      +0.189      +0.189          +0.278      +0.247       +0.204        +0.149     +0.181
--- DataSetInfo              :      out_sv1_ntrkv:             +0.051             +0.054             +0.053       +0.954        +1.000      +0.823    +0.908      +0.954        +0.898           +0.898         +0.842      +0.529    +0.176    +0.176     +0.179   +0.215         +0.289     +0.176      +0.176      +0.176          +0.276      +0.234       +0.195        +0.140     +0.203
--- DataSetInfo              :        out_sv1_n2t:             +0.047             +0.054             +0.051       +0.744        +0.823      +1.000    +0.770      +0.744        +0.783           +0.783         +0.568      +0.485    +0.156    +0.155     +0.159   +0.221         +0.337     +0.156      +0.156      +0.156          +0.292      +0.215       +0.185        +0.126     +0.239
--- DataSetInfo              :          out_sv1_m:             +0.039             +0.042             +0.041       +0.818        +0.908      +0.770    +1.000      +0.818        +0.818           +0.818         +0.786      +0.405    +0.153    +0.153     +0.156   +0.224         +0.309     +0.153      +0.153      +0.153          +0.247      +0.204       +0.171        +0.122     +0.186
--- DataSetInfo              :        out_sv1_efc:             +0.062             +0.064             +0.063       +1.000        +0.954      +0.744    +0.818      +1.000        +0.881           +0.881         +0.799      +0.537    +0.190    +0.189     +0.192   +0.222         +0.285     +0.189      +0.189      +0.189          +0.278      +0.247       +0.204        +0.149     +0.181
--- DataSetInfo              :      out_sv1_sig3d:             +0.047             +0.048             +0.048       +0.881        +0.898      +0.783    +0.818      +0.881        +1.000           +1.000         +0.756      +0.667    +0.157    +0.157     +0.159   +0.186         +0.258     +0.157      +0.157      +0.157          +0.246      +0.207       +0.181        +0.124     +0.179
--- DataSetInfo              :   out_sv1_normdist:             +0.047             +0.048             +0.048       +0.881        +0.898      +0.783    +0.818      +0.881        +1.000           +1.000         +0.756      +0.667    +0.157    +0.157     +0.159   +0.186         +0.258     +0.157      +0.157      +0.157          +0.246      +0.207       +0.181        +0.124     +0.179
--- DataSetInfo              :     out_sv1_deltaR:             +0.017             +0.020             +0.018       +0.799        +0.842      +0.568    +0.786      +0.799        +0.756           +0.756         +1.000      +0.314    +0.106    +0.106     +0.107   +0.125         +0.158     +0.106      +0.106      +0.106          +0.153      +0.137       +0.114        +0.085     +0.113
--- DataSetInfo              :        out_sv1_Lxy:             +0.036             +0.035             +0.037       +0.537        +0.529      +0.485    +0.405      +0.537        +0.667           +0.667         +0.314      +1.000    +0.105    +0.104     +0.105   +0.099         +0.145     +0.104      +0.105      +0.105          +0.161      +0.139       +0.126        +0.079     +0.114
--- DataSetInfo              :          out_jf_pb:             +0.172             +0.176             +0.176       +0.190        +0.176      +0.156    +0.153      +0.190        +0.157           +0.157         +0.106      +0.105    +1.000    +1.000     +1.000   +0.684         +0.715     +1.000      +1.000      +1.000          +0.824      +0.933       +0.993        +0.955     +0.597
--- DataSetInfo              :          out_jf_pu:             +0.172             +0.176             +0.176       +0.189        +0.176      +0.155    +0.153      +0.189        +0.157           +0.157         +0.106      +0.104    +1.000    +1.000     +1.000   +0.683         +0.714     +1.000      +1.000      +1.000          +0.823      +0.932       +0.993        +0.955     +0.597
--- DataSetInfo              :         out_jf_llr:             +0.173             +0.176             +0.176       +0.192        +0.179      +0.159    +0.156      +0.192        +0.159           +0.159         +0.107      +0.105    +1.000    +1.000     +1.000   +0.689         +0.719     +1.000      +1.000      +1.000          +0.827      +0.934       +0.993        +0.955     +0.599
--- DataSetInfo              :           out_jf_m:             +0.132             +0.137             +0.136       +0.222        +0.215      +0.221    +0.224      +0.222        +0.186           +0.186         +0.125      +0.099    +0.684    +0.683     +0.689   +1.000         +0.792     +0.684      +0.683      +0.683          +0.653      +0.686       +0.688        +0.668     +0.475
--- DataSetInfo              :     out_jf_mUncorr:             +0.142             +0.144             +0.146       +0.285        +0.289      +0.337    +0.309      +0.285        +0.258           +0.258         +0.158      +0.145    +0.715    +0.714     +0.719   +0.792         +1.000     +0.715      +0.714      +0.714          +0.836      +0.809       +0.741        +0.636     +0.526
--- DataSetInfo              :         out_jf_efc:             +0.172             +0.175             +0.175       +0.189        +0.176      +0.156    +0.153      +0.189        +0.157           +0.157         +0.106      +0.104    +1.000    +1.000     +1.000   +0.684         +0.715     +1.000      +1.000      +1.000          +0.823      +0.933       +0.993        +0.955     +0.597
--- DataSetInfo              :        out_jf_deta:             +0.172             +0.176             +0.176       +0.189        +0.176      +0.156    +0.153      +0.189        +0.157           +0.157         +0.106      +0.105    +1.000    +1.000     +1.000   +0.683         +0.714     +1.000      +1.000      +1.000          +0.823      +0.933       +0.993        +0.955     +0.597
--- DataSetInfo              :        out_jf_dphi:             +0.172             +0.176             +0.176       +0.189        +0.176      +0.156    +0.153      +0.189        +0.157           +0.157         +0.106      +0.105    +1.000    +1.000     +1.000   +0.683         +0.714     +1.000      +1.000      +1.000          +0.823      +0.933       +0.993        +0.955     +0.597
--- DataSetInfo              :    out_jf_ntrkAtVx:             +0.161             +0.160             +0.164       +0.278        +0.276      +0.292    +0.247      +0.278        +0.246           +0.246         +0.153      +0.161    +0.824    +0.823     +0.827   +0.653         +0.836     +0.823      +0.823      +0.823          +1.000      +0.967       +0.851        +0.664     +0.578
--- DataSetInfo              :        out_jf_nvtx:             +0.173             +0.173             +0.176       +0.247        +0.234      +0.215    +0.204      +0.247        +0.207           +0.207         +0.137      +0.139    +0.933    +0.932     +0.934   +0.686         +0.809     +0.933      +0.933      +0.933          +0.967      +1.000       +0.946        +0.809     +0.599
--- DataSetInfo              :       out_jf_sig3d:             +0.172             +0.175             +0.175       +0.204        +0.195      +0.185    +0.171      +0.204        +0.181           +0.181         +0.114      +0.126    +0.993    +0.993     +0.993   +0.688         +0.741     +0.993      +0.993      +0.993          +0.851      +0.946       +1.000        +0.939     +0.608
--- DataSetInfo              :      out_jf_nvtx1t:             +0.156             +0.163             +0.160       +0.149        +0.140      +0.126    +0.122      +0.149        +0.124           +0.124         +0.085      +0.079    +0.955    +0.955     +0.955   +0.668         +0.636     +0.955      +0.955      +0.955          +0.664      +0.809       +0.939        +1.000     +0.577
--- DataSetInfo              :         out_jf_n2t:             +0.066             +0.074             +0.070       +0.181        +0.203      +0.239    +0.186      +0.181        +0.179           +0.179         +0.113      +0.114    +0.597    +0.597     +0.599   +0.475         +0.526     +0.597      +0.597      +0.597          +0.578      +0.599       +0.608        +0.577     +1.000
--- DataSetInfo              : ---------------------------------------------------------------------------------------------------------------------------------------------------------------------------------------------------------------------------------------------------------------------------------------------------------------------------------------------------------------
--- DataSetFactory           :  
--- Factory                  : 
--- Factory                  : current transformation string: 'I'
--- Factory                  : Create Transformation "I" with events from all classes.
--- Id                       : Transformation, Variable selection : 
--- Id                       : Input : variable 'out_ip2d_cllr_pcpu' (index=0).   <---> Output : variable 'out_ip2d_cllr_pcpu' (index=0).
--- Id                       : Input : variable 'out_ip3d_cllr_pbpu' (index=1).   <---> Output : variable 'out_ip3d_cllr_pbpu' (index=1).
--- Id                       : Input : variable 'out_ip3d_cllr_pcpu' (index=2).   <---> Output : variable 'out_ip3d_cllr_pcpu' (index=2).
--- Id                       : Input : variable 'out_sv1_Nvtx' (index=3).   <---> Output : variable 'out_sv1_Nvtx' (index=3).
--- Id                       : Input : variable 'out_sv1_ntrkv' (index=4).   <---> Output : variable 'out_sv1_ntrkv' (index=4).
--- Id                       : Input : variable 'out_sv1_n2t' (index=5).   <---> Output : variable 'out_sv1_n2t' (index=5).
--- Id                       : Input : variable 'out_sv1_m' (index=6).   <---> Output : variable 'out_sv1_m' (index=6).
--- Id                       : Input : variable 'out_sv1_efc' (index=7).   <---> Output : variable 'out_sv1_efc' (index=7).
--- Id                       : Input : variable 'out_sv1_sig3d' (index=8).   <---> Output : variable 'out_sv1_sig3d' (index=8).
--- Id                       : Input : variable 'out_sv1_normdist' (index=9).   <---> Output : variable 'out_sv1_normdist' (index=9).
--- Id                       : Input : variable 'out_sv1_deltaR' (index=10).   <---> Output : variable 'out_sv1_deltaR' (index=10).
--- Id                       : Input : variable 'out_sv1_Lxy' (index=11).   <---> Output : variable 'out_sv1_Lxy' (index=11).
--- Id                       : Input : variable 'out_jf_pb' (index=12).   <---> Output : variable 'out_jf_pb' (index=12).
--- Id                       : Input : variable 'out_jf_pu' (index=13).   <---> Output : variable 'out_jf_pu' (index=13).
--- Id                       : Input : variable 'out_jf_llr' (index=14).   <---> Output : variable 'out_jf_llr' (index=14).
--- Id                       : Input : variable 'out_jf_m' (index=15).   <---> Output : variable 'out_jf_m' (index=15).
--- Id                       : Input : variable 'out_jf_mUncorr' (index=16).   <---> Output : variable 'out_jf_mUncorr' (index=16).
--- Id                       : Input : variable 'out_jf_efc' (index=17).   <---> Output : variable 'out_jf_efc' (index=17).
--- Id                       : Input : variable 'out_jf_deta' (index=18).   <---> Output : variable 'out_jf_deta' (index=18).
--- Id                       : Input : variable 'out_jf_dphi' (index=19).   <---> Output : variable 'out_jf_dphi' (index=19).
--- Id                       : Input : variable 'out_jf_ntrkAtVx' (index=20).   <---> Output : variable 'out_jf_ntrkAtVx' (index=20).
--- Id                       : Input : variable 'out_jf_nvtx' (index=21).   <---> Output : variable 'out_jf_nvtx' (index=21).
--- Id                       : Input : variable 'out_jf_sig3d' (index=22).   <---> Output : variable 'out_jf_sig3d' (index=22).
--- Id                       : Input : variable 'out_jf_nvtx1t' (index=23).   <---> Output : variable 'out_jf_nvtx1t' (index=23).
--- Id                       : Input : variable 'out_jf_n2t' (index=24).   <---> Output : variable 'out_jf_n2t' (index=24).
--- Id                       : Preparing the Identity transformation...
--- TFHandler_Factory        : -------------------------------------------------------------------------------------------------------------
--- TFHandler_Factory        :           Variable                  Mean                  RMS          [        Min                  Max ]
--- TFHandler_Factory        : -------------------------------------------------------------------------------------------------------------
--- TFHandler_Factory        : out_ip2d_cllr_pcpu:             -1.9866              11.463   [             -30.000              100.00 ]
--- TFHandler_Factory        : out_ip3d_cllr_pbpu:             -1.4344              12.571   [             -30.000              100.00 ]
--- TFHandler_Factory        : out_ip3d_cllr_pcpu:             -1.7138              11.591   [             -30.000              100.00 ]
--- TFHandler_Factory        :       out_sv1_Nvtx:             0.38856             0.48742   [              0.0000              1.0000 ]
--- TFHandler_Factory        :      out_sv1_ntrkv:             0.85557              2.5323   [             -1.0000              13.000 ]
--- TFHandler_Factory        :        out_sv1_n2t:              1.6903              5.0112   [             -1.0000              70.000 ]
--- TFHandler_Factory        :          out_sv1_m:              682.10              1157.3   [             -99.000              5998.7 ]
--- TFHandler_Factory        :        out_sv1_efc:             -60.306              48.539   [             -99.000             0.99999 ]
--- TFHandler_Factory        :      out_sv1_sig3d:             -47.188              71.027   [             -99.000              684.23 ]
--- TFHandler_Factory        :   out_sv1_normdist:             -47.188              71.027   [             -99.000              684.23 ]
--- TFHandler_Factory        :     out_sv1_deltaR:            -0.58099             0.54582   [             -1.0000              6.6281 ]
--- TFHandler_Factory        :        out_sv1_Lxy:              2.0594              6.3057   [             -1.0000              143.96 ]
--- TFHandler_Factory        :          out_jf_pb:             -46.464              49.702   [             -99.000             0.99473 ]
--- TFHandler_Factory        :          out_jf_pu:             -46.576              49.596   [             -99.000             0.99635 ]
--- TFHandler_Factory        :         out_jf_llr:             -46.133              50.068   [             -99.000              7.9703 ]
--- TFHandler_Factory        :           out_jf_m:              1204.0              1683.4   [             -99.000              9951.2 ]
--- TFHandler_Factory        :     out_jf_mUncorr:              640.93              1054.7   [             -99.000              8939.8 ]
--- TFHandler_Factory        :         out_jf_efc:             -46.444              49.720   [             -99.000              1.0000 ]
--- TFHandler_Factory        :        out_jf_deta:             -46.757              49.424   [             -99.000             0.48631 ]
--- TFHandler_Factory        :        out_jf_dphi:             -46.757              49.424   [             -99.000             0.50064 ]
--- TFHandler_Factory        :    out_jf_ntrkAtVx:             0.88744              2.3297   [             -1.0000              13.000 ]
--- TFHandler_Factory        :        out_jf_nvtx:           -0.041643             0.99414   [             -1.0000              4.0000 ]
--- TFHandler_Factory        :       out_jf_sig3d:             -36.079              61.289   [             -99.000              92.680 ]
--- TFHandler_Factory        :      out_jf_nvtx1t:            -0.18015             0.92305   [             -1.0000              7.0000 ]
--- TFHandler_Factory        :         out_jf_n2t:              1.4479              4.1298   [             -1.0000              64.000 ]
--- TFHandler_Factory        : -------------------------------------------------------------------------------------------------------------
--- TFHandler_Factory        : Plot event variables for Id
--- TFHandler_Factory        : [32m
--- TFHandler_Factory        : <PlotVariables> Will not produce scatter plots ==> 
--- TFHandler_Factory        : |  The number of 25 input variables and 0 target values would require 300 two-dimensional
--- TFHandler_Factory        : |  histograms, which would occupy the computer's memory. Note that this
--- TFHandler_Factory        : |  suppression does not have any consequences for your analysis, other
--- TFHandler_Factory        : |  than not disposing of these scatter plots. You can modify the maximum
--- TFHandler_Factory        : |  number of input variables allowed to generate scatter plots in your
--- TFHandler_Factory        : |  script via the command line:
--- TFHandler_Factory        : |  "(TMVA::gConfig().GetVariablePlotting()).fMaxNumOfAllowedVariablesForScatterPlots = <some int>;"[0m
--- TFHandler_Factory        : 
--- TFHandler_Factory        : Some more output
--- TFHandler_Factory        :  
--- TFHandler_Factory        : Ranking input variables (method unspecific)...
--- IdTransformation         : Ranking result (top variable is best ranked)
--- IdTransformation         : -------------------------------------------
--- IdTransformation         : Rank : Variable           : Separation
--- IdTransformation         : -------------------------------------------
--- IdTransformation         :    1 : out_ip3d_cllr_pcpu : 6.364e-01
--- IdTransformation         :    2 : out_jf_llr         : 6.157e-01
--- IdTransformation         :    3 : out_ip2d_cllr_pcpu : 6.147e-01
--- IdTransformation         :    4 : out_jf_mUncorr     : 6.119e-01
--- IdTransformation         :    5 : out_jf_m           : 6.110e-01
--- IdTransformation         :    6 : out_ip3d_cllr_pbpu : 6.061e-01
--- IdTransformation         :    7 : out_jf_ntrkAtVx    : 5.983e-01
--- IdTransformation         :    8 : out_jf_nvtx        : 5.931e-01
--- IdTransformation         :    9 : out_jf_sig3d       : 5.870e-01
--- IdTransformation         :   10 : out_sv1_deltaR     : 5.799e-01
--- IdTransformation         :   11 : out_sv1_m          : 5.756e-01
--- IdTransformation         :   12 : out_sv1_n2t        : 5.753e-01
--- IdTransformation         :   13 : out_sv1_Lxy        : 5.749e-01
--- IdTransformation         :   14 : out_sv1_ntrkv      : 5.747e-01
--- IdTransformation         :   15 : out_sv1_sig3d      : 5.741e-01
--- IdTransformation         :   16 : out_sv1_normdist   : 5.741e-01
--- IdTransformation         :   17 : out_sv1_efc        : 5.736e-01
--- IdTransformation         :   18 : out_sv1_Nvtx       : 5.736e-01
--- IdTransformation         :   19 : out_jf_nvtx1t      : 5.547e-01
--- IdTransformation         :   20 : out_jf_pu          : 5.538e-01
--- IdTransformation         :   21 : out_jf_pb          : 5.483e-01
--- IdTransformation         :   22 : out_jf_n2t         : 5.457e-01
--- IdTransformation         :   23 : out_jf_dphi        : 5.293e-01
--- IdTransformation         :   24 : out_jf_deta        : 5.281e-01
--- IdTransformation         :   25 : out_jf_efc         : 5.281e-01
--- IdTransformation         : -------------------------------------------
--- Factory                  :  
--- Factory                  : Train all methods for Classification ...
--- Factory                  : Train method: BDT for Classification
--- BDT                      : Begin training
--- BDT                      :  found and suggest the following possible pre-selection cuts 
--- BDT                      : as option DoPreselection was not used, these cuts however will not be performed, but the training will see the full sample
--- BDT                      :  found cut: Sig if var 0 > 11.6632
--- BDT                      :  found cut: Sig if var 14 > 7.03764
--- BDT                      : <InitEventSample> For classification trees, 
--- BDT                      :  the effective number of backgrounds is scaled to match 
--- BDT                      :  the signal. Othersise the first boosting step would do 'just that'!
--- BDT                      : re-normlise events such that Sig and Bkg have respective sum of weights = 1
--- BDT                      :   sig->sig*1ev. bkg->bkg*1ev.
--- BDT                      : #events: (reweighted) sig: 70000 bkg: 70000
--- BDT                      : #events: (unweighted) sig: 70000 bkg: 70000
--- BDT                      : Training 850 Decision Trees ... patience please
--- BinaryTree               : The minimal node size MinNodeSize=2.5 fMinNodeSize=2.5% is translated to an actual number of events = 1740.18 for the training sample size of 69607
--- BinaryTree               : Note: This number will be taken as absolute minimum in the node, 
--- BinaryTree               :       in terms of 'weighted events' and unweighted ones !! 
--- BDT                      : <Train> elapsed time: [1;31m153 sec[0m                              
--- BDT                      : <Train> average number of nodes (w/o pruning) : 7
--- BDT                      : End of training                                              
--- BDT                      : Elapsed time for training with 140000 events: [1;31m156 sec[0m         
--- BDT                      : Create MVA output for classification on training sample
--- BDT                      : Evaluation of BDT on training sample (140000 events)
