
Processing NewTMVAClassification.C...
===> Start TMVAClassification

--- Factory                  : You are running ROOT Version: 5.34/30, Apr 23, 2015
--- Factory                  : 
--- Factory                  : _/_/_/_/_/ _|      _|  _|      _|    _|_|   
--- Factory                  :    _/      _|_|  _|_|  _|      _|  _|    _| 
--- Factory                  :   _/       _|  _|  _|  _|      _|  _|_|_|_| 
--- Factory                  :  _/        _|      _|    _|  _|    _|    _| 
--- Factory                  : _/         _|      _|      _|      _|    _| 
--- Factory                  : 
--- Factory                  : ___________TMVA Version 4.2.0, Sep 19, 2013
--- Factory                  : 
---- TMVAClassification: Using input file: testdata/ttbar_bottom/*.root
---- TMVAClassification: Using input file: testdata/ttbar_light/*.root
--- DataSetInfo              : Added class "Signal"	 with internal class number 0
--- Factory                  : Add Tree jetdata of type Signal with 153796 events
--- DataSetInfo              : Added class "Background"	 with internal class number 1
--- Factory                  : Add Tree jetdata of type Background with 427528 events
--- Factory                  : Preparing trees for training and testing...
--- Factory                  : Booking method: [1mBDT[0m
--- DataSetFactory           : Splitmode is: "RANDOM" the mixmode is: "SAMEASSPLITMODE"
--- DataSetFactory           : Create training and testing trees -- looping over class "Signal" ...
--- DataSetFactory           : Weight expression for class 'Signal': ""
--- DataSetFactory           : Create training and testing trees -- looping over class "Background" ...
--- DataSetFactory           : Weight expression for class 'Background': ""
--- DataSetFactory           : Number of events in input trees (after possible flattening of arrays):
--- DataSetFactory           :     Signal          -- number of events       : 153796  / sum of weights: 153796
--- DataSetFactory           :     Background      -- number of events       : 427528  / sum of weights: 427528
--- DataSetFactory           :     Signal     tree -- total number of entries: 153796
--- DataSetFactory           :     Background tree -- total number of entries: 427528
--- DataSetFactory           : Preselection: (will NOT affect number of requested training and testing events)
--- DataSetFactory           :     Signal     requirement: "out_abseta<2.5"
--- DataSetFactory           :     Signal          -- number of events passed: 146927  / sum of weights: 146927
--- DataSetFactory           :     Signal          -- efficiency             : 0.955337
--- DataSetFactory           :     Background requirement: "out_abseta<2.5"
--- DataSetFactory           :     Background      -- number of events passed: 395811  / sum of weights: 395811
--- DataSetFactory           :     Background      -- efficiency             : 0.925813
--- DataSetFactory           :  you have opted for interpreting the requested number of training/testing events
--- DataSetFactory           :  to be the number of events AFTER your preselection cuts
--- DataSetFactory           :  you have opted for interpreting the requested number of training/testing events
--- DataSetFactory           :  to be the number of events AFTER your preselection cuts
--- DataSetFactory           : Weight renormalisation mode: "NumEvents": renormalises all event classes 
--- DataSetFactory           :  such that the effective (weighted) number of events in each class equals the respective 
--- DataSetFactory           :  number of events (entries) that you demanded in PrepareTrainingAndTestTree("","nTrain_Signal=.. )
--- DataSetFactory           :  ... i.e. such that Sum[i=1..N_j]{w_i} = N_j, j=0,1,2...
--- DataSetFactory           :  ... (note that N_j is the sum of TRAINING events (nTrain_j...with j=Signal,Background..
--- DataSetFactory           :  ..... Testing events are not renormalised nor included in the renormalisation factor! )
--- DataSetFactory           : --> Rescale Signal     event weights by factor: 1
--- DataSetFactory           : --> Rescale Background event weights by factor: 1
--- DataSetFactory           : Number of training and testing events after rescaling:
--- DataSetFactory           : ------------------------------------------------------
--- DataSetFactory           : Signal     -- training events            : 70000 (sum of weights: 70000) - requested were 70000 events
--- DataSetFactory           : Signal     -- testing events             : 70000 (sum of weights: 70000) - requested were 70000 events
--- DataSetFactory           : Signal     -- training and testing events: 140000 (sum of weights: 140000)
--- DataSetFactory           : Signal     -- due to the preselection a scaling factor has been applied to the numbers of requested events: 0.955337
--- DataSetFactory           : Background -- training events            : 70000 (sum of weights: 70000) - requested were 70000 events
--- DataSetFactory           : Background -- testing events             : 70000 (sum of weights: 70000) - requested were 70000 events
--- DataSetFactory           : Background -- training and testing events: 140000 (sum of weights: 140000)
--- DataSetFactory           : Background -- due to the preselection a scaling factor has been applied to the numbers of requested events: 0.925813
--- DataSetFactory           : Create internal training tree
--- DataSetFactory           : Create internal testing tree
--- DataSetInfo              : Correlation matrix (Signal):
--- DataSetInfo              : ---------------------------------------------------------------------------------------------------------------------------------------------------------------------------------------------------------------------------------------------------------------------------------------------------------------------------------------------------------------------------------------------------------------------------------------------------------------------
--- DataSetInfo              :                      out_pt out_abseta out_ip2d_cllr_pbpu out_ip2d_cllr_pbpc out_ip2d_cllr_pcpu out_ip3d_cllr_pbpu out_ip3d_cllr_pbpc out_ip3d_cllr_pcpu out_sv1_Nvtx out_sv1_ntrkv out_sv1_n2t out_sv1_m out_sv1_efc out_sv1_sig3d out_sv1_normdist out_sv1_deltaR out_sv1_Lxy out_sv1_L3d out_jf_llr out_jf_m out_jf_mUncorr out_jf_efc out_jf_deta out_jf_dphi out_jf_dRFlightDir out_jf_ntrkAtVx out_jf_nvtx out_jf_sig3d out_jf_nvtx1t out_jf_n2t out_jf_VTXsize
--- DataSetInfo              :             out_pt:  +1.000     -0.076             +0.104             +0.085             +0.095             +0.089             +0.057             +0.096       +0.122        +0.158      +0.175    +0.152      +0.122        +0.196           +0.196         +0.101      +0.326      +0.239     +0.108   +0.127         +0.120     +0.109      +0.110      +0.110             +0.109          +0.146      +0.155       +0.187        +0.130     +0.092         +0.220
--- DataSetInfo              :         out_abseta:  -0.076     +1.000             -0.107             -0.078             -0.083             -0.078             -0.005             -0.113       -0.088        -0.095      -0.114    -0.108      -0.088        -0.109           -0.109         -0.085      -0.059      +0.262     -0.053   -0.071         -0.076     -0.044      -0.044      -0.044             -0.044          -0.076      -0.067       -0.070        +0.000     +0.018         -0.011
--- DataSetInfo              : out_ip2d_cllr_pbpu:  +0.104     -0.107             +1.000             +0.687             +0.869             +0.862             +0.647             +0.797       +0.461        +0.581      +0.583    +0.542      +0.462        +0.432           +0.432         +0.420      +0.247      +0.166     +0.382   +0.408         +0.498     +0.347      +0.345      +0.345             +0.344          +0.547      +0.444       +0.451        +0.174     +0.372         +0.295
--- DataSetInfo              : out_ip2d_cllr_pbpc:  +0.085     -0.078             +0.687             +1.000             +0.396             +0.634             +0.596             +0.586       +0.278        +0.328      +0.330    +0.318      +0.278        +0.305           +0.305         +0.246      +0.231      +0.150     +0.253   +0.248         +0.291     +0.234      +0.232      +0.232             +0.231          +0.313      +0.276       +0.319        +0.139     +0.197         +0.198
--- DataSetInfo              : out_ip2d_cllr_pcpu:  +0.095     -0.083             +0.869             +0.396             +1.000             +0.752             +0.566             +0.767       +0.410        +0.517      +0.506    +0.470      +0.411        +0.341           +0.341         +0.374      +0.152      +0.101     +0.348   +0.360         +0.435     +0.319      +0.317      +0.317             +0.317          +0.490      +0.400       +0.374        +0.149     +0.344         +0.262
--- DataSetInfo              : out_ip3d_cllr_pbpu:  +0.089     -0.078             +0.862             +0.634             +0.752             +1.000             +0.722             +0.901       +0.516        +0.662      +0.654    +0.604      +0.517        +0.458           +0.458         +0.471      +0.243      +0.175     +0.434   +0.457         +0.565     +0.394      +0.391      +0.391             +0.390          +0.635      +0.505       +0.493        +0.186     +0.447         +0.324
--- DataSetInfo              : out_ip3d_cllr_pbpc:  +0.057     -0.005             +0.647             +0.596             +0.566             +0.722             +1.000             +0.496       +0.318        +0.390      +0.383    +0.363      +0.319        +0.327           +0.327         +0.285      +0.232      +0.192     +0.291   +0.286         +0.346     +0.268      +0.266      +0.266             +0.266          +0.381      +0.321       +0.362        +0.148     +0.255         +0.218
--- DataSetInfo              : out_ip3d_cllr_pcpu:  +0.096     -0.113             +0.797             +0.586             +0.767             +0.901             +0.496             +1.000       +0.470        +0.600      +0.584    +0.539      +0.471        +0.365           +0.365         +0.429      +0.139      +0.073     +0.401   +0.412         +0.503     +0.367      +0.364      +0.364             +0.364          +0.576      +0.463       +0.409        +0.161     +0.415         +0.292
--- DataSetInfo              :       out_sv1_Nvtx:  +0.122     -0.088             +0.461             +0.278             +0.410             +0.516             +0.318             +0.470       +1.000        +0.829      +0.502    +0.714      +1.000        +0.825           +0.825         +0.977      +0.455      +0.371     +0.520   +0.418         +0.507     +0.489      +0.487      +0.487             +0.486          +0.596      +0.619       +0.546        +0.138     +0.359         +0.316
--- DataSetInfo              :      out_sv1_ntrkv:  +0.158     -0.095             +0.581             +0.328             +0.517             +0.662             +0.390             +0.600       +0.829        +1.000      +0.838    +0.841      +0.830        +0.742           +0.742         +0.796      +0.416      +0.327     +0.469   +0.489         +0.657     +0.424      +0.421      +0.421             +0.420          +0.800      +0.605       +0.536        +0.098     +0.619         +0.307
--- DataSetInfo              :        out_sv1_n2t:  +0.175     -0.114             +0.583             +0.330             +0.506             +0.654             +0.383             +0.584       +0.502        +0.838      +1.000    +0.687      +0.503        +0.530           +0.530         +0.471      +0.325      +0.227     +0.313   +0.418         +0.601     +0.272      +0.269      +0.269             +0.269          +0.760      +0.454       +0.427        +0.083     +0.688         +0.273
--- DataSetInfo              :          out_sv1_m:  +0.152     -0.108             +0.542             +0.318             +0.470             +0.604             +0.363             +0.539       +0.714        +0.841      +0.687    +1.000      +0.716        +0.682           +0.682         +0.686      +0.327      +0.239     +0.420   +0.597         +0.770     +0.373      +0.370      +0.370             +0.370          +0.671      +0.526       +0.500        +0.088     +0.466         +0.264
--- DataSetInfo              :        out_sv1_efc:  +0.122     -0.088             +0.462             +0.278             +0.411             +0.517             +0.319             +0.471       +1.000        +0.830      +0.503    +0.716      +1.000        +0.825           +0.825         +0.977      +0.455      +0.371     +0.521   +0.419         +0.508     +0.489      +0.487      +0.487             +0.486          +0.597      +0.619       +0.546        +0.138     +0.360         +0.316
--- DataSetInfo              :      out_sv1_sig3d:  +0.196     -0.109             +0.432             +0.305             +0.341             +0.458             +0.327             +0.365       +0.825        +0.742      +0.530    +0.682      +0.825        +1.000           +1.000         +0.796      +0.748      +0.588     +0.430   +0.378         +0.482     +0.403      +0.401      +0.401             +0.400          +0.539      +0.520       +0.603        +0.144     +0.324         +0.288
--- DataSetInfo              :   out_sv1_normdist:  +0.196     -0.109             +0.432             +0.305             +0.341             +0.458             +0.327             +0.365       +0.825        +0.742      +0.530    +0.682      +0.825        +1.000           +1.000         +0.796      +0.748      +0.588     +0.430   +0.378         +0.482     +0.403      +0.401      +0.401             +0.400          +0.539      +0.520       +0.603        +0.144     +0.324         +0.288
--- DataSetInfo              :     out_sv1_deltaR:  +0.101     -0.085             +0.420             +0.246             +0.374             +0.471             +0.285             +0.429       +0.977        +0.796      +0.471    +0.686      +0.977        +0.796           +0.796         +1.000      +0.416      +0.347     +0.493   +0.396         +0.473     +0.464      +0.462      +0.462             +0.461          +0.557      +0.585       +0.511        +0.132     +0.344         +0.306
--- DataSetInfo              :        out_sv1_Lxy:  +0.326     -0.059             +0.247             +0.231             +0.152             +0.243             +0.232             +0.139       +0.455        +0.416      +0.325    +0.327      +0.455        +0.748           +0.748         +0.416      +1.000      +0.816     +0.228   +0.157         +0.218     +0.217      +0.215      +0.215             +0.214          +0.292      +0.284       +0.445        +0.126     +0.166         +0.200
--- DataSetInfo              :        out_sv1_L3d:  +0.239     +0.262             +0.166             +0.150             +0.101             +0.175             +0.192             +0.073       +0.371        +0.327      +0.227    +0.239      +0.371        +0.588           +0.588         +0.347      +0.816      +1.000     +0.171   +0.106         +0.152     +0.166      +0.164      +0.164             +0.164          +0.217      +0.215       +0.344        +0.106     +0.176         +0.165
--- DataSetInfo              :         out_jf_llr:  +0.108     -0.053             +0.382             +0.253             +0.348             +0.434             +0.291             +0.401       +0.520        +0.469      +0.313    +0.420      +0.521        +0.430           +0.430         +0.493      +0.228      +0.171     +1.000   +0.549         +0.498     +0.997      +0.996      +0.996             +0.996          +0.605      +0.805       +0.907        +0.555     +0.353         +0.462
--- DataSetInfo              :           out_jf_m:  +0.127     -0.071             +0.408             +0.248             +0.360             +0.457             +0.286             +0.412       +0.418        +0.489      +0.418    +0.597      +0.419        +0.378           +0.378         +0.396      +0.157      +0.106     +0.549   +1.000         +0.789     +0.514      +0.511      +0.511             +0.511          +0.605      +0.592       +0.555        +0.218     +0.367         +0.346
--- DataSetInfo              :     out_jf_mUncorr:  +0.120     -0.076             +0.498             +0.291             +0.435             +0.565             +0.346             +0.503       +0.507        +0.657      +0.601    +0.770      +0.508        +0.482           +0.482         +0.473      +0.218      +0.152     +0.498   +0.789         +1.000     +0.444      +0.441      +0.441             +0.440          +0.810      +0.646       +0.588        +0.028     +0.492         +0.225
--- DataSetInfo              :         out_jf_efc:  +0.109     -0.044             +0.347             +0.234             +0.319             +0.394             +0.268             +0.367       +0.489        +0.424      +0.272    +0.373      +0.489        +0.403           +0.403         +0.464      +0.217      +0.166     +0.997   +0.514         +0.444     +1.000      +1.000      +1.000             +1.000          +0.554      +0.778       +0.895        +0.577     +0.324         +0.461
--- DataSetInfo              :        out_jf_deta:  +0.110     -0.044             +0.345             +0.232             +0.317             +0.391             +0.266             +0.364       +0.487        +0.421      +0.269    +0.370      +0.487        +0.401           +0.401         +0.462      +0.215      +0.164     +0.996   +0.511         +0.441     +1.000      +1.000      +1.000             +1.000          +0.551      +0.777       +0.894        +0.577     +0.323         +0.460
--- DataSetInfo              :        out_jf_dphi:  +0.110     -0.044             +0.345             +0.232             +0.317             +0.391             +0.266             +0.364       +0.487        +0.421      +0.269    +0.370      +0.487        +0.401           +0.401         +0.462      +0.215      +0.164     +0.996   +0.511         +0.441     +1.000      +1.000      +1.000             +1.000          +0.551      +0.777       +0.894        +0.577     +0.323         +0.460
--- DataSetInfo              : out_jf_dRFlightDir:  +0.109     -0.044             +0.344             +0.231             +0.317             +0.390             +0.266             +0.364       +0.486        +0.420      +0.269    +0.370      +0.486        +0.400           +0.400         +0.461      +0.214      +0.164     +0.996   +0.511         +0.440     +1.000      +1.000      +1.000             +1.000          +0.551      +0.776       +0.893        +0.578     +0.323         +0.460
--- DataSetInfo              :    out_jf_ntrkAtVx:  +0.146     -0.076             +0.547             +0.313             +0.490             +0.635             +0.381             +0.576       +0.596        +0.800      +0.760    +0.671      +0.597        +0.539           +0.539         +0.557      +0.292      +0.217     +0.605   +0.605         +0.810     +0.554      +0.551      +0.551             +0.551          +1.000      +0.812       +0.678        +0.024     +0.672         +0.281
--- DataSetInfo              :        out_jf_nvtx:  +0.155     -0.067             +0.444             +0.276             +0.400             +0.505             +0.321             +0.463       +0.619        +0.605      +0.454    +0.526      +0.619        +0.520           +0.520         +0.585      +0.284      +0.215     +0.805   +0.592         +0.646     +0.778      +0.777      +0.777             +0.776          +0.812      +1.000       +0.808        +0.221     +0.438         +0.476
--- DataSetInfo              :       out_jf_sig3d:  +0.187     -0.070             +0.451             +0.319             +0.374             +0.493             +0.362             +0.409       +0.546        +0.536      +0.427    +0.500      +0.546        +0.603           +0.603         +0.511      +0.445      +0.344     +0.907   +0.555         +0.588     +0.895      +0.894      +0.894             +0.893          +0.678      +0.808       +1.000        +0.478     +0.386         +0.465
--- DataSetInfo              :      out_jf_nvtx1t:  +0.130     +0.000             +0.174             +0.139             +0.149             +0.186             +0.148             +0.161       +0.138        +0.098      +0.083    +0.088      +0.138        +0.144           +0.144         +0.132      +0.126      +0.106     +0.555   +0.218         +0.028     +0.577      +0.577      +0.577             +0.578          +0.024      +0.221       +0.478        +1.000     +0.146         +0.739
--- DataSetInfo              :         out_jf_n2t:  +0.092     +0.018             +0.372             +0.197             +0.344             +0.447             +0.255             +0.415       +0.359        +0.619      +0.688    +0.466      +0.360        +0.324           +0.324         +0.344      +0.166      +0.176     +0.353   +0.367         +0.492     +0.324      +0.323      +0.323             +0.323          +0.672      +0.438       +0.386        +0.146     +1.000         +0.315
--- DataSetInfo              :     out_jf_VTXsize:  +0.220     -0.011             +0.295             +0.198             +0.262             +0.324             +0.218             +0.292       +0.316        +0.307      +0.273    +0.264      +0.316        +0.288           +0.288         +0.306      +0.200      +0.165     +0.462   +0.346         +0.225     +0.461      +0.460      +0.460             +0.460          +0.281      +0.476       +0.465        +0.739     +0.315         +1.000
--- DataSetInfo              : ---------------------------------------------------------------------------------------------------------------------------------------------------------------------------------------------------------------------------------------------------------------------------------------------------------------------------------------------------------------------------------------------------------------------------------------------------------------------
--- DataSetInfo              : Correlation matrix (Background):
--- DataSetInfo              : ---------------------------------------------------------------------------------------------------------------------------------------------------------------------------------------------------------------------------------------------------------------------------------------------------------------------------------------------------------------------------------------------------------------------------------------------------------------------
--- DataSetInfo              :                      out_pt out_abseta out_ip2d_cllr_pbpu out_ip2d_cllr_pbpc out_ip2d_cllr_pcpu out_ip3d_cllr_pbpu out_ip3d_cllr_pbpc out_ip3d_cllr_pcpu out_sv1_Nvtx out_sv1_ntrkv out_sv1_n2t out_sv1_m out_sv1_efc out_sv1_sig3d out_sv1_normdist out_sv1_deltaR out_sv1_Lxy out_sv1_L3d out_jf_llr out_jf_m out_jf_mUncorr out_jf_efc out_jf_deta out_jf_dphi out_jf_dRFlightDir out_jf_ntrkAtVx out_jf_nvtx out_jf_sig3d out_jf_nvtx1t out_jf_n2t out_jf_VTXsize
--- DataSetInfo              :             out_pt:  +1.000     -0.010             +0.222             +0.233             +0.251             +0.214             +0.224             +0.249       +0.098        +0.103      +0.129    +0.110      +0.098        +0.107           +0.107         +0.045      +0.104      +0.084     +0.184   +0.190         +0.232     +0.186      +0.186      +0.186             +0.186          +0.235      +0.221       +0.193        +0.155     +0.099         +0.203
--- DataSetInfo              :         out_abseta:  -0.010     +1.000             +0.011             +0.009             +0.009             +0.014             +0.012             +0.009       +0.027        +0.025      +0.016    +0.018      +0.027        +0.020           +0.020         +0.024      +0.013      +0.053     +0.107   +0.077         +0.084     +0.107      +0.107      +0.107             +0.107          +0.088      +0.099       +0.107        +0.108     +0.120         +0.127
--- DataSetInfo              : out_ip2d_cllr_pbpu:  +0.222     +0.011             +1.000             +0.998             +0.997             +0.997             +0.992             +0.996       +0.062        +0.052      +0.051    +0.040      +0.062        +0.047           +0.047         +0.018      +0.035      +0.023     +0.169   +0.130         +0.138     +0.168      +0.169      +0.169             +0.169          +0.155      +0.167       +0.168        +0.155     +0.064         +0.195
--- DataSetInfo              : out_ip2d_cllr_pbpc:  +0.233     +0.009             +0.998             +1.000             +0.997             +0.995             +0.993             +0.997       +0.054        +0.045      +0.052    +0.036      +0.054        +0.042           +0.042         +0.012      +0.034      +0.022     +0.160   +0.121         +0.133     +0.159      +0.160      +0.160             +0.160          +0.149      +0.160       +0.159        +0.145     +0.060         +0.186
--- DataSetInfo              : out_ip2d_cllr_pcpu:  +0.251     +0.009             +0.997             +0.997             +1.000             +0.994             +0.992             +0.999       +0.062        +0.051      +0.047    +0.039      +0.062        +0.047           +0.047         +0.017      +0.036      +0.024     +0.173   +0.132         +0.142     +0.172      +0.172      +0.172             +0.172          +0.161      +0.173       +0.172        +0.156     +0.066         +0.201
--- DataSetInfo              : out_ip3d_cllr_pbpu:  +0.214     +0.014             +0.997             +0.995             +0.994             +1.000             +0.992             +0.995       +0.064        +0.054      +0.054    +0.042      +0.064        +0.048           +0.048         +0.020      +0.035      +0.023     +0.176   +0.137         +0.144     +0.175      +0.176      +0.176             +0.176          +0.160      +0.173       +0.175        +0.163     +0.074         +0.201
--- DataSetInfo              : out_ip3d_cllr_pbpc:  +0.224     +0.012             +0.992             +0.993             +0.992             +0.992             +1.000             +0.988       +0.053        +0.043      +0.043    +0.033      +0.053        +0.040           +0.040         +0.013      +0.033      +0.021     +0.164   +0.123         +0.132     +0.163      +0.163      +0.163             +0.163          +0.150      +0.162       +0.163        +0.149     +0.066         +0.190
--- DataSetInfo              : out_ip3d_cllr_pcpu:  +0.249     +0.009             +0.996             +0.997             +0.999             +0.995             +0.988             +1.000       +0.063        +0.053      +0.051    +0.041      +0.063        +0.048           +0.048         +0.018      +0.037      +0.024     +0.176   +0.136         +0.146     +0.175      +0.176      +0.176             +0.176          +0.164      +0.176       +0.175        +0.160     +0.070         +0.203
--- DataSetInfo              :       out_sv1_Nvtx:  +0.098     +0.027             +0.062             +0.054             +0.062             +0.064             +0.053             +0.063       +1.000        +0.954      +0.744    +0.818      +1.000        +0.881           +0.881         +0.799      +0.537      +0.520     +0.192   +0.222         +0.285     +0.189      +0.189      +0.189             +0.189          +0.278      +0.247       +0.204        +0.149     +0.181         +0.210
--- DataSetInfo              :      out_sv1_ntrkv:  +0.103     +0.025             +0.052             +0.045             +0.051             +0.054             +0.043             +0.053       +0.954        +1.000      +0.823    +0.908      +0.954        +0.898           +0.898         +0.842      +0.529      +0.522     +0.179   +0.215         +0.289     +0.176      +0.176      +0.176             +0.176          +0.276      +0.234       +0.195        +0.140     +0.203         +0.200
--- DataSetInfo              :        out_sv1_n2t:  +0.129     +0.016             +0.051             +0.052             +0.047             +0.054             +0.043             +0.051       +0.744        +0.823      +1.000    +0.770      +0.744        +0.783           +0.783         +0.568      +0.485      +0.443     +0.159   +0.221         +0.337     +0.156      +0.156      +0.156             +0.156          +0.292      +0.215       +0.185        +0.126     +0.239         +0.182
--- DataSetInfo              :          out_sv1_m:  +0.110     +0.018             +0.040             +0.036             +0.039             +0.042             +0.033             +0.041       +0.818        +0.908      +0.770    +1.000      +0.818        +0.818           +0.818         +0.786      +0.405      +0.412     +0.156   +0.224         +0.309     +0.153      +0.153      +0.153             +0.153          +0.247      +0.204       +0.171        +0.122     +0.186         +0.173
--- DataSetInfo              :        out_sv1_efc:  +0.098     +0.027             +0.062             +0.054             +0.062             +0.064             +0.053             +0.063       +1.000        +0.954      +0.744    +0.818      +1.000        +0.881           +0.881         +0.799      +0.537      +0.520     +0.192   +0.222         +0.285     +0.189      +0.189      +0.189             +0.189          +0.278      +0.247       +0.204        +0.149     +0.181         +0.209
--- DataSetInfo              :      out_sv1_sig3d:  +0.107     +0.020             +0.047             +0.042             +0.047             +0.048             +0.040             +0.048       +0.881        +0.898      +0.783    +0.818      +0.881        +1.000           +1.000         +0.756      +0.667      +0.632     +0.159   +0.186         +0.258     +0.157      +0.157      +0.157             +0.157          +0.246      +0.207       +0.181        +0.124     +0.179         +0.171
--- DataSetInfo              :   out_sv1_normdist:  +0.107     +0.020             +0.047             +0.042             +0.047             +0.048             +0.040             +0.048       +0.881        +0.898      +0.783    +0.818      +0.881        +1.000           +1.000         +0.756      +0.667      +0.632     +0.159   +0.186         +0.258     +0.157      +0.157      +0.157             +0.157          +0.246      +0.207       +0.181        +0.124     +0.179         +0.171
--- DataSetInfo              :     out_sv1_deltaR:  +0.045     +0.024             +0.018             +0.012             +0.017             +0.020             +0.013             +0.018       +0.799        +0.842      +0.568    +0.786      +0.799        +0.756           +0.756         +1.000      +0.314      +0.396     +0.107   +0.125         +0.158     +0.106      +0.106      +0.106             +0.106          +0.153      +0.137       +0.114        +0.085     +0.113         +0.125
--- DataSetInfo              :        out_sv1_Lxy:  +0.104     +0.013             +0.035             +0.034             +0.036             +0.035             +0.033             +0.037       +0.537        +0.529      +0.485    +0.405      +0.537        +0.667           +0.667         +0.314      +1.000      +0.843     +0.105   +0.099         +0.145     +0.104      +0.105      +0.105             +0.104          +0.161      +0.139       +0.126        +0.079     +0.114         +0.100
--- DataSetInfo              :        out_sv1_L3d:  +0.084     +0.053             +0.023             +0.022             +0.024             +0.023             +0.021             +0.024       +0.520        +0.522      +0.443    +0.412      +0.520        +0.632           +0.632         +0.396      +0.843      +1.000     +0.092   +0.084         +0.123     +0.092      +0.092      +0.092             +0.092          +0.137      +0.119       +0.111        +0.072     +0.110         +0.088
--- DataSetInfo              :         out_jf_llr:  +0.184     +0.107             +0.169             +0.160             +0.173             +0.176             +0.164             +0.176       +0.192        +0.179      +0.159    +0.156      +0.192        +0.159           +0.159         +0.107      +0.105      +0.092     +1.000   +0.689         +0.719     +1.000      +1.000      +1.000             +1.000          +0.827      +0.934       +0.993        +0.955     +0.599         +0.745
--- DataSetInfo              :           out_jf_m:  +0.190     +0.077             +0.130             +0.121             +0.132             +0.137             +0.123             +0.136       +0.222        +0.215      +0.221    +0.224      +0.222        +0.186           +0.186         +0.125      +0.099      +0.084     +0.689   +1.000         +0.792     +0.684      +0.683      +0.683             +0.683          +0.653      +0.686       +0.688        +0.668     +0.475         +0.593
--- DataSetInfo              :     out_jf_mUncorr:  +0.232     +0.084             +0.138             +0.133             +0.142             +0.144             +0.132             +0.146       +0.285        +0.289      +0.337    +0.309      +0.285        +0.258           +0.258         +0.158      +0.145      +0.123     +0.719   +0.792         +1.000     +0.715      +0.714      +0.714             +0.714          +0.836      +0.809       +0.741        +0.636     +0.526         +0.604
--- DataSetInfo              :         out_jf_efc:  +0.186     +0.107             +0.168             +0.159             +0.172             +0.175             +0.163             +0.175       +0.189        +0.176      +0.156    +0.153      +0.189        +0.157           +0.157         +0.106      +0.104      +0.092     +1.000   +0.684         +0.715     +1.000      +1.000      +1.000             +1.000          +0.823      +0.933       +0.993        +0.955     +0.597         +0.744
--- DataSetInfo              :        out_jf_deta:  +0.186     +0.107             +0.169             +0.160             +0.172             +0.176             +0.163             +0.176       +0.189        +0.176      +0.156    +0.153      +0.189        +0.157           +0.157         +0.106      +0.105      +0.092     +1.000   +0.683         +0.714     +1.000      +1.000      +1.000             +1.000          +0.823      +0.933       +0.993        +0.955     +0.597         +0.744
--- DataSetInfo              :        out_jf_dphi:  +0.186     +0.107             +0.169             +0.160             +0.172             +0.176             +0.163             +0.176       +0.189        +0.176      +0.156    +0.153      +0.189        +0.157           +0.157         +0.106      +0.105      +0.092     +1.000   +0.683         +0.714     +1.000      +1.000      +1.000             +1.000          +0.823      +0.933       +0.993        +0.955     +0.597         +0.744
--- DataSetInfo              : out_jf_dRFlightDir:  +0.186     +0.107             +0.169             +0.160             +0.172             +0.176             +0.163             +0.176       +0.189        +0.176      +0.156    +0.153      +0.189        +0.157           +0.157         +0.106      +0.104      +0.092     +1.000   +0.683         +0.714     +1.000      +1.000      +1.000             +1.000          +0.823      +0.933       +0.993        +0.955     +0.597         +0.744
--- DataSetInfo              :    out_jf_ntrkAtVx:  +0.235     +0.088             +0.155             +0.149             +0.161             +0.160             +0.150             +0.164       +0.278        +0.276      +0.292    +0.247      +0.278        +0.246           +0.246         +0.153      +0.161      +0.137     +0.827   +0.653         +0.836     +0.823      +0.823      +0.823             +0.823          +1.000      +0.967       +0.851        +0.664     +0.578         +0.631
--- DataSetInfo              :        out_jf_nvtx:  +0.221     +0.099             +0.167             +0.160             +0.173             +0.173             +0.162             +0.176       +0.247        +0.234      +0.215    +0.204      +0.247        +0.207           +0.207         +0.137      +0.139      +0.119     +0.934   +0.686         +0.809     +0.933      +0.933      +0.933             +0.933          +0.967      +1.000       +0.946        +0.809     +0.599         +0.704
--- DataSetInfo              :       out_jf_sig3d:  +0.193     +0.107             +0.168             +0.159             +0.172             +0.175             +0.163             +0.175       +0.204        +0.195      +0.185    +0.171      +0.204        +0.181           +0.181         +0.114      +0.126      +0.111     +0.993   +0.688         +0.741     +0.993      +0.993      +0.993             +0.993          +0.851      +0.946       +1.000        +0.939     +0.608         +0.747
--- DataSetInfo              :      out_jf_nvtx1t:  +0.155     +0.108             +0.155             +0.145             +0.156             +0.163             +0.149             +0.160       +0.149        +0.140      +0.126    +0.122      +0.149        +0.124           +0.124         +0.085      +0.079      +0.072     +0.955   +0.668         +0.636     +0.955      +0.955      +0.955             +0.955          +0.664      +0.809       +0.939        +1.000     +0.577         +0.752
--- DataSetInfo              :         out_jf_n2t:  +0.099     +0.120             +0.064             +0.060             +0.066             +0.074             +0.066             +0.070       +0.181        +0.203      +0.239    +0.186      +0.181        +0.179           +0.179         +0.113      +0.114      +0.110     +0.599   +0.475         +0.526     +0.597      +0.597      +0.597             +0.597          +0.578      +0.599       +0.608        +0.577     +1.000         +0.525
--- DataSetInfo              :     out_jf_VTXsize:  +0.203     +0.127             +0.195             +0.186             +0.201             +0.201             +0.190             +0.203       +0.210        +0.200      +0.182    +0.173      +0.209        +0.171           +0.171         +0.125      +0.100      +0.088     +0.745   +0.593         +0.604     +0.744      +0.744      +0.744             +0.744          +0.631      +0.704       +0.747        +0.752     +0.525         +1.000
--- DataSetInfo              : ---------------------------------------------------------------------------------------------------------------------------------------------------------------------------------------------------------------------------------------------------------------------------------------------------------------------------------------------------------------------------------------------------------------------------------------------------------------------
--- DataSetFactory           :  
--- Factory                  : 
--- Factory                  : current transformation string: 'I'
--- Factory                  : Create Transformation "I" with events from all classes.
--- Id                       : Transformation, Variable selection : 
--- Id                       : Input : variable 'out_pt' (index=0).   <---> Output : variable 'out_pt' (index=0).
--- Id                       : Input : variable 'out_abseta' (index=1).   <---> Output : variable 'out_abseta' (index=1).
--- Id                       : Input : variable 'out_ip2d_cllr_pbpu' (index=2).   <---> Output : variable 'out_ip2d_cllr_pbpu' (index=2).
--- Id                       : Input : variable 'out_ip2d_cllr_pbpc' (index=3).   <---> Output : variable 'out_ip2d_cllr_pbpc' (index=3).
--- Id                       : Input : variable 'out_ip2d_cllr_pcpu' (index=4).   <---> Output : variable 'out_ip2d_cllr_pcpu' (index=4).
--- Id                       : Input : variable 'out_ip3d_cllr_pbpu' (index=5).   <---> Output : variable 'out_ip3d_cllr_pbpu' (index=5).
--- Id                       : Input : variable 'out_ip3d_cllr_pbpc' (index=6).   <---> Output : variable 'out_ip3d_cllr_pbpc' (index=6).
--- Id                       : Input : variable 'out_ip3d_cllr_pcpu' (index=7).   <---> Output : variable 'out_ip3d_cllr_pcpu' (index=7).
